17381097054999.998047 0.000000000 0.000000000 0.000000000 -0.000000000 -0.000000000 -0.000000000 1.000000000
17381128987000.000000 -0.000628253 -0.000024364 -0.000801405 0.000461185 0.000948362 0.000190554 0.999999464
17381162106600.000000 -0.000922121 0.000167115 -0.001812360 0.000819299 0.002058776 0.000169102 0.999997556
17381196079099.998047 -0.000040846 0.000130712 -0.002244055 0.000985054 0.003261084 0.000681414 0.999993980
17381228745500.000000 0.000660560 -0.000345053 -0.004661811 0.000954310 0.004657415 0.001310274 0.999987841
17381263073700.000000 -0.001005615 -0.000031236 -0.004120089 0.000943172 0.006638159 0.001262805 0.999976754
17381294525599.998047 -0.000373567 0.000176113 -0.004665017 0.001157153 0.007783778 0.001188621 0.999968350
17381327586100.000000 -0.001005073 0.001047692 -0.005089256 0.001515389 0.008919327 0.001388861 0.999958098
17381362228000.001953 -0.002319278 0.000703929 -0.005499663 0.001612460 0.010224894 0.001184063 0.999945760
17381393066699.998047 -0.000482209 0.001400876 -0.008353635 0.002432745 0.010269273 0.002246883 0.999941826
17381429956200.001953 -0.004727147 0.001253187 -0.007862533 0.002362726 0.012179389 0.002002122 0.999921024
17381460124300.000000 -0.002916517 0.002525206 -0.009970287 0.002674869 0.011951750 0.003817277 0.999917686
17381492643599.998047 -0.005898039 0.003089339 -0.010179005 0.002311610 0.013321925 0.003284306 0.999903202
17381526209299.998047 -0.005177560 0.004402749 -0.012303420 0.002617508 0.013634457 0.004694945 0.999892592
17381559190299.998047 -0.007631781 0.003555052 -0.012696316 0.001886226 0.015008210 0.004908397 0.999873579
17381592191700.001953 -0.007097241 0.004180250 -0.015242077 0.001890898 0.015652731 0.006393189 0.999855280
17381624132199.998047 -0.007852915 0.004612889 -0.015941929 0.002338990 0.016773278 0.007376781 0.999829412
17381657303700.001953 -0.006879379 0.003695212 -0.019205229 0.002923534 0.017351706 0.008788140 0.999806583
17381691028099.998047 -0.006841083 0.004655989 -0.021212576 0.003922436 0.018740477 0.010323828 0.999763429
17381723788000.000000 -0.007320677 0.004901382 -0.024081649 0.004934331 0.020221479 0.011215922 0.999720454
17381757154500.000000 -0.011686304 0.005168619 -0.023721857 0.006372810 0.023091687 0.011721289 0.999644339
17381790219400.001953 -0.008714379 0.006855558 -0.026995780 0.009252204 0.023623157 0.013810584 0.999582708
17381822244600.000000 -0.009292904 0.005524633 -0.027305350 0.010901833 0.025256179 0.013956826 0.999524117
17381855783300.001953 -0.009979115 0.005527155 -0.031175567 0.012249533 0.026612347 0.014176050 0.999470234
17381888146400.000000 -0.007738399 0.006053403 -0.033587277 0.013663683 0.026782021 0.014535662 0.999442220
17381921057299.998047 -0.007754181 0.007596255 -0.036480129 0.015133818 0.027279938 0.013615915 0.999420524
17381954104800.000000 -0.006618839 0.010399835 -0.039586049 0.016873283 0.027046913 0.013414348 0.999401748
17381987283999.998047 -0.007077869 0.008433299 -0.041912030 0.016664209 0.026959648 0.013663799 0.999404252
17382021647099.998047 -0.009086712 0.008723874 -0.043942377 0.016325289 0.027233835 0.013092426 0.999410033
17382053053000.000000 -0.004550804 0.008866827 -0.049791601 0.015145834 0.025237948 0.013405428 0.999476850
17382086053000.000000 -0.002434253 0.012306280 -0.053745523 0.014689522 0.024030460 0.013473806 0.999512494
17382118983900.000000 0.002838993 0.013308010 -0.059269417 0.014050979 0.021449851 0.014239443 0.999569774
17382152057500.000000 -0.001962343 0.017343571 -0.059021577 0.014499472 0.021435708 0.010270188 0.999612331
17382185117199.998047 -0.000595821 0.017772308 -0.061430406 0.014434419 0.019670244 0.008792820 0.999663651
17382219097700.000000 0.001240287 0.019942347 -0.065633908 0.014816970 0.017512446 0.008261858 0.999702752
17382251169700.000000 0.010713827 0.019738639 -0.075472735 0.014889386 0.013526823 0.008847854 0.999758482
17382284069900.000000 0.017027309 0.018933320 -0.083552204 0.014047526 0.011122814 0.007602932 0.999810576
17382317051600.000000 0.018245880 0.022090057 -0.088830329 0.013816058 0.010133807 0.005769599 0.999836564
17382350075100.000000 0.023619883 0.022337116 -0.098290190 0.013175504 0.007815296 0.004640155 0.999871910
17382383101399.998047 0.028741965 0.021249648 -0.100628868 0.012616964 0.006052690 0.004492442 0.999891996
17382417081700.001953 0.029187903 0.026228247 -0.106790312 0.012650536 0.005545065 0.002804218 0.999900699
17382449002800.000000 0.030677730 0.026530022 -0.109966286 0.009978417 0.004546664 0.002786986 0.999935985
17382481988000.000000 0.033497013 0.026751118 -0.118129849 0.007060623 0.002817625 0.003065403 0.999966443
17382515150200.000000 0.035276972 0.028078068 -0.122118913 0.006096499 0.001030380 0.003518956 0.999974728
17382548139100.000000 0.040796969 0.028997649 -0.129846454 0.006625559 -0.001170960 0.005878694 0.999960124
17382581060300.000000 0.041392535 0.033352297 -0.130548999 0.007491561 -0.001191014 0.005971245 0.999953389
17382615120499.998047 0.048713084 0.030813597 -0.143341586 0.005957402 -0.002667514 0.006707312 0.999956250
17382647081899.998047 0.048500065 0.031036267 -0.148705676 0.003993351 -0.002223130 0.007164706 0.999963880
17382680067700.000000 0.053863298 0.033214934 -0.154657602 0.002442143 -0.003429523 0.007463292 0.999963284
17382713003100.001953 0.052767929 0.037400324 -0.155046076 0.001744957 -0.003271443 0.005517678 0.999977887
17382746097200.000000 0.050349638 0.033626724 -0.166470379 0.000346672 -0.003649136 0.004883043 0.999981403
17382779039900.000000 0.047889885 0.036677856 -0.168203875 0.001815594 -0.003592980 0.004563667 0.999981463
17382812658399.998047 0.051268578 0.039431460 -0.175038353 0.003396965 -0.004471292 0.006005388 0.999966204
17382845057499.998047 0.048708934 0.038394492 -0.180682153 0.004196218 -0.002941029 0.006968596 0.999962628
17382878011600.001953 0.053275988 0.040162954 -0.183117136 0.006301092 -0.002565851 0.010036733 0.999926507
17382911082899.998047 0.049415845 0.043756600 -0.185087711 0.007975836 0.000126236 0.010636616 0.999911666
17382944092000.001953 0.053232506 0.043537926 -0.192797348 0.008792863 0.000862274 0.011663912 0.999892950
17382977056200.001953 0.051855020 0.044804636 -0.197760642 0.008996797 0.002488348 0.011615746 0.999888957
17383010625800.001953 0.054720592 0.048566703 -0.204153046 0.009655504 0.002490762 0.012915397 0.999866903
17383043287400.000000 0.052369058 0.046259783 -0.210653678 0.008792613 0.003507769 0.013934875 0.999858141
17383076621699.998047 0.041449204 0.049746230 -0.204007342 0.009141517 0.007108339 0.013292644 0.999844611
17383108965700.001953 0.053514134 0.053502426 -0.218952999 0.009430526 0.005012083 0.017934933 0.999782145
17383142069800.000000 0.050283428 0.053318150 -0.225564674 0.008487590 0.007813490 0.018121643 0.999769270
17383175404300.000000 0.050530560 0.057226989 -0.231892243 0.008830405 0.009615213 0.019305641 0.999728441
17383208458000.000000 0.041598354 0.056314945 -0.228791282 0.008679445 0.013827928 0.019016678 0.999685884
17383241928300.001953 0.046667751 0.060471550 -0.237874150 0.009083305 0.013341964 0.020898903 0.999651313
17383274080700.000000 0.033466402 0.059077952 -0.240655512 0.007433314 0.017132413 0.019018009 0.999644756
17383307337900.001953 0.037185784 0.057805620 -0.245743185 0.008011571 0.016488984 0.021755837 0.999595225
17383340078199.998047 0.031134021 0.057537351 -0.249339998 0.008525484 0.018698419 0.022312736 0.999539793
17383373044400.000000 0.032965481 0.056815661 -0.254182458 0.007272345 0.019823786 0.022807324 0.999516904
17383406099000.000000 0.031171465 0.058484122 -0.261709034 0.006583338 0.021339076 0.023639886 0.999471068
17383438984400.000000 0.029315531 0.058470756 -0.262375295 0.006541025 0.023157185 0.023318643 0.999438465
17383472092200.001953 0.029132187 0.060225919 -0.268395334 0.006086481 0.024494996 0.023977721 0.999393880
17383505101600.000000 0.029570978 0.063616849 -0.274678558 0.005655423 0.024967903 0.024013747 0.999383807
17383538078900.001953 0.031017547 0.069066830 -0.279816568 0.006244848 0.025093172 0.024274740 0.999370873
17383571192000.000000 0.025913423 0.071317442 -0.280140936 0.006873904 0.026577400 0.022238830 0.999375701
17383604138899.998047 0.021568088 0.068863884 -0.295738816 0.006815864 0.027066467 0.021546546 0.999378204
17383637029700.000000 0.029968537 0.071218990 -0.293501824 0.007901289 0.026140818 0.022960410 0.999363303
17383670017400.000000 0.010764067 0.079077907 -0.291203439 0.008933499 0.031129615 0.016710283 0.999335766
17383703047300.001953 0.012078556 0.080805942 -0.296764791 0.010052179 0.031130150 0.016371330 0.999330759
17383736044599.998047 0.014061306 0.083618224 -0.301867217 0.011546971 0.030352646 0.016348170 0.999338925
17383769116799.998047 0.017109253 0.083411559 -0.310398489 0.012470787 0.028963454 0.016564200 0.999365449
17383802057600.001953 0.017287904 0.086688139 -0.313571244 0.013725935 0.028227568 0.015451414 0.999387920
17383835031700.000000 0.021528928 0.089292213 -0.322879016 0.014735942 0.026555959 0.015224363 0.999422729
17383868245000.001953 0.024873547 0.090652063 -0.329649389 0.014697623 0.025385035 0.014512111 0.999464393
17383901026600.000000 0.026840793 0.093863472 -0.334394574 0.014252145 0.024887452 0.013684292 0.999495029
17383933994700.000000 0.028611721 0.093377598 -0.341658056 0.011898351 0.023679053 0.011011732 0.999588132
17383967007100.000000 0.031860065 0.095194995 -0.348949224 0.009961079 0.022228958 0.009804454 0.999655247
17384000081600.000000 0.035195641 0.097805470 -0.356034189 0.007969959 0.020459117 0.008943534 0.999718904
17384033220400.000000 0.036734227 0.101511382 -0.362071484 0.005992866 0.018800052 0.007621793 0.999776304
17384066094200.000000 0.041197252 0.103955440 -0.373337388 0.003353557 0.015915874 0.006906355 0.999843895
17384099034200.000000 0.045609593 0.104929313 -0.382472157 0.001345772 0.014076997 0.006562406 0.999878466
17384132050400.000000 0.051019896 0.106483743 -0.391591430 0.000721417 0.012548482 0.007365212 0.999893904
17384165043500.001953 0.053271513 0.109243095 -0.397983998 0.000667687 0.012854259 0.007825745 0.999886572
17384198135499.998047 0.055029441 0.110415913 -0.404976219 0.000532430 0.013361702 0.008499145 0.999874532
17384231141400.000000 0.059172012 0.110709921 -0.412512898 0.000937404 0.013406617 0.009874606 0.999860942
17384264022000.000000 0.061885290 0.112017788 -0.420112789 0.001001273 0.013358254 0.010285430 0.999857366
17384297071000.000000 0.062733747 0.113597184 -0.426299959 0.000659015 0.013756853 0.011481958 0.999839246
17384330147900.000000 0.058312081 0.116156101 -0.427844346 -0.000576257 0.014619851 0.009622701 0.999846697
17384363033300.000000 0.057237022 0.118071303 -0.432118207 -0.001401950 0.014107539 0.010039935 0.999849141
17384397571099.998047 0.058744948 0.120347872 -0.440018445 -0.001796281 0.012627851 0.011151074 0.999856532
17384429097400.000000 0.058849942 0.122180611 -0.444840193 -0.001706285 0.011614112 0.011565024 0.999864221
17384463426300.000000 0.058972590 0.123044975 -0.451396286 -0.000692242 0.010669828 0.011560225 0.999876022
17384494923999.998047 0.058723897 0.124980621 -0.457572103 0.001385095 0.009791718 0.011866272 0.999880731
17384528009599.998047 0.057947882 0.127026379 -0.462429315 0.003388663 0.009068183 0.012145634 0.999879360
17384562288199.998047 0.057646640 0.129141212 -0.468952447 0.004762062 0.008405922 0.012823414 0.999871135
17384594273700.000000 0.057916466 0.130585343 -0.474793851 0.005192956 0.008037897 0.013712738 0.999860227
17384627032699.998047 0.055562172 0.131147012 -0.482085228 0.005500712 0.009139671 0.014148815 0.999843061
17384660202399.998047 0.054672245 0.135764241 -0.486644030 0.007187517 0.010341977 0.014870699 0.999810159
17384692925100.000000 0.055528104 0.136176139 -0.492571115 0.007938765 0.011100329 0.016413705 0.999772191
17384727221000.001953 0.053030971 0.138876587 -0.498276442 0.008410046 0.012320091 0.017818134 0.999729991
17384759767900.000000 0.050165016 0.143059418 -0.505295217 0.008307216 0.013363203 0.018241350 0.999709845
17384792492100.001953 0.047064159 0.143747121 -0.512432277 0.006685343 0.014398200 0.019133259 0.999690890
17384825811499.998047 0.045431934 0.146824911 -0.520257115 0.005665387 0.015130088 0.020014510 0.999669194
17384858938300.000000 0.040486172 0.149402678 -0.521730661 0.004582327 0.016891828 0.019541945 0.999655902
17384891732799.998047 0.038705762 0.153798521 -0.529135525 0.004527019 0.017359320 0.020386284 0.999631286
17384928915699.998047 0.036928210 0.156275779 -0.537573159 0.003887736 0.017462108 0.021516947 0.999608457
17384957887199.998047 0.035784528 0.156771764 -0.543462515 0.002289951 0.017139269 0.023178063 0.999581814
17384990075800.000000 0.036334082 0.158685446 -0.551290870 0.000700364 0.016473150 0.026044019 0.999524832
17385023261300.000000 0.028951854 0.159919932 -0.558598042 -0.002268514 0.018748593 0.026076756 0.999481559
17385056294900.001953 0.027962880 0.161450565 -0.564030945 -0.003924933 0.020300485 0.027516320 0.999407530
17385089345800.000000 0.026902441 0.162359044 -0.568365216 -0.003838896 0.022410382 0.028538562 0.999334157
17385122666800.001953 0.025459357 0.165148720 -0.572343171 -0.001496610 0.024684399 0.029375700 0.999262512
17385155790300.000000 0.024170410 0.165501505 -0.577113271 0.000380136 0.026728617 0.030475236 0.999178052
17385188327299.998047 0.023273354 0.166549951 -0.581793904 0.002460471 0.028492622 0.031045534 0.999108851
17385223055200.000000 0.024482306 0.167557105 -0.586776435 0.004197692 0.029882295 0.031997956 0.999032378
17385254759000.000000 0.023924854 0.168426841 -0.590909660 0.005379445 0.031781316 0.032486174 0.998952329
17385287711900.000000 0.023639273 0.169710770 -0.594780982 0.006212248 0.033123650 0.033180453 0.998881042
17385319994800.000000 0.022791056 0.171036392 -0.600548744 0.006985343 0.033102993 0.032535285 0.998897851
17385354152200.001953 0.021686625 0.172057003 -0.606052935 0.008070325 0.032047361 0.032231279 0.998933971
17385386389700.001953 0.021045001 0.173611879 -0.609519482 0.009338364 0.030173568 0.030434361 0.999037623
17385419553900.000000 0.021960657 0.175129652 -0.615057051 0.010354698 0.027462827 0.028953234 0.999149859
17385452107900.000000 0.021758316 0.175616041 -0.618268490 0.010612355 0.025466647 0.028123174 0.999223709
17385485062400.000000 0.018809881 0.177291319 -0.624915719 0.010738582 0.024214474 0.026502822 0.999297798
17385518024100.001953 0.018818509 0.176529586 -0.632643819 0.010972495 0.022513146 0.024777280 0.999379337
17385551041200.000000 0.020232823 0.177535102 -0.635266721 0.012329471 0.020822071 0.024154315 0.999415398
17385584051000.001953 0.020662982 0.180210590 -0.637511313 0.013270997 0.019374838 0.024451330 0.999425173
17385617678899.998047 0.021589678 0.181618214 -0.643964648 0.012894994 0.017892048 0.024696579 0.999451756
17385650145900.000000 0.024105480 0.184335172 -0.647450030 0.012626352 0.016792696 0.024986437 0.999467015
17385683077599.998047 0.024615359 0.183467701 -0.651984692 0.011229934 0.017090145 0.024370834 0.999493897
17385716104300.001953 0.027664019 0.184384391 -0.653922260 0.009931128 0.017395243 0.023689594 0.999518692
17385749025500.001953 0.026999943 0.186853334 -0.662289917 0.008063543 0.017747147 0.021854062 0.999571204
17385782022000.000000 0.029581591 0.189263612 -0.664818585 0.006642214 0.016118512 0.021247033 0.999622285
17385816074999.998047 0.031285048 0.191261232 -0.669862747 0.005754973 0.013725081 0.021550952 0.999657035
17385847989700.000000 0.034315474 0.193529099 -0.675834537 0.004210752 0.011168608 0.021452935 0.999698639
17385881152000.001953 0.037514500 0.192641035 -0.678740323 0.002313945 0.009128606 0.021974793 0.999714196
17385914026200.000000 0.038695570 0.194473222 -0.683086634 0.001863371 0.007892585 0.022048455 0.999724030
17385947053299.998047 0.037610512 0.198281556 -0.688345194 0.001454432 0.007332394 0.022402486 0.999721110
17385980050400.001953 0.041499451 0.198020473 -0.696774244 -0.001561829 0.005399454 0.022128975 0.999739349
17386013755299.998047 0.041881602 0.201169938 -0.698989511 -0.002590086 0.004021925 0.022171870 0.999742806
17386046014200.001953 0.042495858 0.200546369 -0.705022514 -0.003407528 0.001797202 0.022573052 0.999737859
17386078909900.000000 0.042752501 0.201455548 -0.709003568 -0.002799114 0.000015659 0.023212420 0.999726653
17386112049600.000000 0.044241015 0.200465187 -0.717098832 -0.003129259 -0.002179698 0.023535365 0.999715805
17386144996000.000000 0.046311367 0.201463759 -0.720339656 -0.004126858 -0.004019112 0.024807978 0.999675691
17386178114600.000000 0.047113437 0.203468710 -0.724926531 -0.005292292 -0.004725996 0.026803480 0.999615550
17386211583000.000000 0.052375145 0.205812752 -0.728001714 -0.006318049 -0.006015133 0.027413094 0.999586165
17386243984000.000000 0.048845667 0.205781519 -0.734426200 -0.007895654 -0.005239423 0.026564825 0.999602199
17386277016400.000000 0.042006478 0.206505641 -0.738792181 -0.007602839 -0.004145507 0.026002256 0.999624431
17386310031900.000000 0.042344630 0.208577827 -0.743178427 -0.004913537 -0.005350187 0.025739735 0.999642313
17386343051400.000000 0.042449642 0.211622834 -0.748600304 -0.001656906 -0.006604978 0.025016727 0.999663830
17386376025200.000000 0.041965675 0.211279824 -0.750325084 0.000966670 -0.006390204 0.024475412 0.999679565
17386409425300.000000 0.040958066 0.213920891 -0.751853049 0.004078779 -0.005307355 0.024977019 0.999665678
17386441972400.000000 0.043783989 0.212988183 -0.755440414 0.005169168 -0.004051873 0.025370102 0.999656618
17386475300600.000000 0.042079054 0.209578529 -0.757382333 0.005807413 -0.001550974 0.026333205 0.999635220
17386522813000.000000 0.037893940 0.217099831 -0.765528560 0.008218268 0.001052480 0.025451444 0.999641716
17386550908500.001953 0.036412008 0.218199313 -0.770480156 0.010104833 0.002707881 0.025694475 0.999615133
17386580027400.000000 0.034599811 0.219721824 -0.772764802 0.011060428 0.003801353 0.025874864 0.999596834
17386609722700.000000 0.031554855 0.221661255 -0.775636017 0.010573423 0.004843890 0.025236098 0.999613881
17386641267600.000000 0.030544724 0.223156884 -0.779361963 0.009968665 0.005418374 0.025324395 0.999614894
17386674728300.000000 0.029486457 0.224653468 -0.783266962 0.009207387 0.006221596 0.025861023 0.999603808
17386707345100.000000 0.027253743 0.226716772 -0.787559152 0.008477493 0.007743280 0.026030727 0.999595225
17386740297900.000000 0.025640074 0.228190064 -0.790741503 0.008379942 0.009688186 0.026634524 0.999563158
17386773345900.001953 0.022224998 0.230161995 -0.792845011 0.009136645 0.011973793 0.026251143 0.999541938
17386806924199.998047 0.018686943 0.232531548 -0.797659576 0.010309760 0.014524351 0.026921578 0.999478877
17386839364500.000000 0.018616129 0.231686860 -0.801072896 0.009736316 0.016186886 0.028231492 0.999422908
17386872352499.998047 0.018435432 0.233081043 -0.804347932 0.009565623 0.017801393 0.029215185 0.999368906
17386905538000.000000 0.015337897 0.233699664 -0.805723488 0.008841357 0.019847203 0.029682957 0.999323249
17386938456200.001953 0.014276505 0.236278743 -0.812136471 0.008652505 0.021051701 0.030011415 0.999290407
17386971430500.001953 0.012501001 0.238405451 -0.817887068 0.008557753 0.022577872 0.030923663 0.999230087
17387004356700.000000 0.012219567 0.239161372 -0.819210410 0.008179666 0.024124939 0.031965125 0.999164283
17387037905500.001953 0.012315007 0.238803878 -0.824201703 0.006515124 0.025873592 0.032136913 0.999127328
17387070429100.000000 0.012198252 0.238926813 -0.829065323 0.004243335 0.027757762 0.032963023 0.999062002
17387103373400.001953 0.013730527 0.239650533 -0.831501484 0.003129045 0.029311977 0.034174405 0.998981118
17387136343600.000000 0.012872026 0.243021399 -0.837645590 0.004039521 0.031244464 0.034853283 0.998895764
17387169258300.000000 0.011173191 0.244421691 -0.841360748 0.004877553 0.033013746 0.034644201 0.998842418
17387202416400.000000 0.013787204 0.244788587 -0.847243845 0.005905586 0.033079140 0.034847055 0.998827636
17387235319000.000000 0.014306184 0.243553802 -0.854622722 0.006850124 0.032563057 0.033457179 0.998886049
17387268342300.001953 0.013629430 0.242557123 -0.862626553 0.008211623 0.031384360 0.032406867 0.998948216
17387301363899.998047 0.014724781 0.245335475 -0.865296543 0.010259125 0.029848792 0.033205237 0.998950064
17387334343899.998047 0.018333072 0.246519595 -0.867144346 0.011521942 0.028200626 0.032128241 0.999019384
17387367373699.998047 0.019166848 0.249465808 -0.870512664 0.012722989 0.027225049 0.032164380 0.999030769
17387400415600.001953 0.021233996 0.250107914 -0.877167344 0.012433748 0.025898946 0.031016601 0.999105930
17387433487400.001953 0.024311649 0.250583857 -0.882988751 0.011995251 0.024177298 0.030037923 0.999184370
17387466320399.998047 0.025684735 0.252924591 -0.883415282 0.011634244 0.022508018 0.029088099 0.999255717
17387499360000.001953 0.024595626 0.254167378 -0.888563991 0.009887561 0.020702623 0.028212573 0.999338627
17387532350500.001953 0.030671785 0.256011277 -0.896347880 0.008403719 0.017141532 0.027527368 0.999438763
17387565292800.001953 0.030950103 0.257999092 -0.900931597 0.007565021 0.015553873 0.026379369 0.999502361
17387598349700.001953 0.036193110 0.258617669 -0.903469861 0.007411195 0.013823980 0.026076414 0.999536932
17387631412600.000000 0.035712551 0.258498490 -0.908040881 0.007621945 0.013067165 0.023970500 0.999598205
17387667172200.000000 0.037991516 0.254845649 -0.913280606 0.007326560 0.011704616 0.023156235 0.999636531
17387697548000.000000 0.040193073 0.260707587 -0.915476739 0.008669011 0.010336092 0.023470789 0.999633551
17387730365500.000000 0.043273497 0.260943145 -0.923231959 0.007749706 0.008989900 0.023178207 0.999660969
17387763252300.000000 0.046525557 0.263809919 -0.924356997 0.007183795 0.007592379 0.022961553 0.999681711
17387796650699.998047 0.046266537 0.259188980 -0.925784051 0.005840014 0.007311088 0.023109449 0.999689162
17387829356499.998047 0.048111130 0.263149202 -0.931708157 0.007499377 0.006973774 0.023770986 0.999664962
17387862350399.998047 0.047780771 0.258106023 -0.934788465 0.007020478 0.007805052 0.023343617 0.999672413
17387895359700.000000 0.047932789 0.258909672 -0.939215004 0.007596114 0.008298898 0.023990735 0.999648929
17387928333200.001953 0.047917914 0.261794448 -0.948077977 0.008409831 0.008498260 0.023437543 0.999653816
17387961374700.000000 0.049981203 0.263028055 -0.949678898 0.008438317 0.008126426 0.023783084 0.999648511
17387994617800.000000 0.051869929 0.264963865 -0.955710232 0.007767387 0.007627937 0.025178498 0.999623716
17388027567100.001953 0.051169988 0.265509129 -0.958223224 0.006539631 0.008227916 0.026957229 0.999581337
17388060348100.000000 0.051103879 0.266400486 -0.961125374 0.006388472 0.009671936 0.028354092 0.999530792
17388093348900.001953 0.052558780 0.270090997 -0.963892639 0.007511982 0.011374780 0.029839298 0.999461830
17388126344400.000000 0.049051989 0.266806632 -0.969363213 0.007259120 0.014413066 0.030035991 0.999418557
17388159614600.001953 0.049154807 0.273149163 -0.974374413 0.007438613 0.016265718 0.031092651 0.999356449
17388193019100.000000 0.050852001 0.266371399 -0.976949155 0.005483387 0.017266074 0.032341633 0.999312699
17388228108600.000000 0.043197256 0.277438492 -0.981324971 0.006986750 0.019582037 0.033073943 0.999236643
17388258820200.000000 0.042010646 0.276782036 -0.981491029 0.005031664 0.021049168 0.033821579 0.999193549
17388292179299.998047 0.037502330 0.284030259 -0.984634995 0.004863630 0.023586357 0.035680778 0.999073088
17388325917600.000000 0.039012518 0.278163850 -0.992117643 0.003418117 0.026039355 0.036590088 0.998985231
17388358162900.000000 0.030616077 0.283497065 -0.997607350 0.004384440 0.031086778 0.037460625 0.998804867
17388391536000.000000 0.029036090 0.284621090 -1.001440525 0.004548525 0.034501132 0.038956594 0.998634815
17388423826999.998047 0.026588663 0.285666883 -1.004884362 0.004824353 0.037904970 0.040380385 0.998453498
17388457596299.998047 0.025684724 0.288694799 -1.007146597 0.004230428 0.040374961 0.041660774 0.998306811
17388490042900.000000 0.023262259 0.289149016 -1.011037230 0.001036786 0.042634767 0.042877071 0.998169720
17388522516900.000000 0.022406584 0.291691959 -1.015483737 -0.001637515 0.043933805 0.043784730 0.998073161
17388555496500.001953 0.018917739 0.291743785 -1.018406034 -0.003845964 0.045566179 0.044049334 0.997982264
17388589056100.001953 0.015513731 0.293353289 -1.023393869 -0.004385730 0.046983410 0.044471145 0.997895658
17388623687300.001953 0.015009239 0.294299126 -1.027447939 -0.005064183 0.047814723 0.045417294 0.997810364
17388654645200.000000 0.014675869 0.295124650 -1.031708360 -0.005486155 0.048874184 0.046084981 0.997726202
17388688265600.001953 0.011808413 0.296351761 -1.033984780 -0.004819948 0.050413780 0.045971096 0.997658253
17388720595700.000000 0.013508744 0.296697140 -1.038131714 -0.004728984 0.050276924 0.046188761 0.997655571
17388753590500.000000 0.010556526 0.297504008 -1.042444825 -0.004987068 0.051225949 0.045603696 0.997632921
17388786312000.000000 0.012303180 0.298432142 -1.045236230 -0.005453516 0.050784025 0.045289528 0.997667372
17388823826600.000000 0.010654760 0.298977882 -1.049586654 -0.006208844 0.051083758 0.044142481 0.997699082
17388852242400.000000 0.008973652 0.300396532 -1.053442597 -0.007511564 0.050920866 0.043018758 0.997747540
17388885482999.998047 0.010940656 0.302314073 -1.056720614 -0.008980401 0.049596705 0.042856447 0.997809052
17388918183500.001953 0.007086181 0.304010242 -1.060555458 -0.009440606 0.049342997 0.041941810 0.997856259
17388951076300.000000 0.008899462 0.304172277 -1.064439297 -0.009519991 0.047914069 0.041646346 0.997937500
17388984140000.000000 0.010388378 0.304905117 -1.069118738 -0.008353559 0.046299770 0.041531097 0.998028934
17389017724300.000000 0.010571113 0.306242675 -1.070170879 -0.005948295 0.045309581 0.041410778 0.998096585
17389050011899.998047 0.010325770 0.307703286 -1.074951172 -0.003722570 0.044410098 0.041262884 0.998153985
17389083130800.001953 0.012913163 0.304949284 -1.078908563 -0.003655455 0.043460872 0.041008737 0.998206437
17389116042700.000000 0.012482146 0.306625545 -1.082574487 -0.003190232 0.043030538 0.040316924 0.998254895
17389149076400.000000 0.015268161 0.308684349 -1.086582184 -0.003489434 0.041862264 0.039798263 0.998324335
17389182055099.998047 0.014205125 0.308203787 -1.090888023 -0.004065715 0.041331604 0.038373593 0.998400033
17389216164700.000000 0.018471358 0.312148899 -1.093552470 -0.004093227 0.039909147 0.037445582 0.998493016
17389248091700.000000 0.021707490 0.311958671 -1.099650264 -0.005710245 0.038474578 0.036161568 0.998588800
17389281078900.000000 0.019954758 0.313860893 -1.103635073 -0.006350652 0.037740842 0.034572136 0.998669147
17389314198100.000000 0.023355778 0.316258550 -1.106162429 -0.006339437 0.035318181 0.032357186 0.998832047
17389347134600.000000 0.024319420 0.317229271 -1.111431956 -0.006825132 0.033732463 0.030499924 0.998942137
17389380050799.998047 0.024957148 0.319099993 -1.116689444 -0.006677705 0.032033809 0.029222120 0.999037266
17389413705899.998047 0.027190017 0.320921004 -1.118175864 -0.006219963 0.029770998 0.027838532 0.999149680
17389446345600.001953 0.030277569 0.320254296 -1.127258897 -0.006707777 0.027296660 0.026359774 0.999257326
17389478999399.998047 0.032190263 0.322610646 -1.131116271 -0.006851409 0.024912981 0.025822945 0.999332607
17389512081000.000000 0.031136787 0.322144389 -1.132804990 -0.007679558 0.023333732 0.025094733 0.999383211
17389545065999.998047 0.033131417 0.323210150 -1.136783838 -0.007616038 0.021325240 0.023689484 0.999462903
17389578083299.998047 0.035610396 0.322805703 -1.141873717 -0.007663460 0.019930787 0.023402095 0.999498129
17389611591400.000000 0.037703596 0.324170858 -1.144918442 -0.008170485 0.018648377 0.022839990 0.999531865
17389643901700.001953 0.037045807 0.326817602 -1.147029161 -0.008674768 0.017608266 0.023592032 0.999528944
17389677236200.001953 0.038012151 0.327838212 -1.152938843 -0.010196821 0.016072078 0.023615746 0.999539912
17389710050099.998047 0.037349224 0.330737084 -1.154478550 -0.010543125 0.014995354 0.024796244 0.999524474
17389743084500.001953 0.039903276 0.334064752 -1.161058903 -0.010785853 0.013630632 0.024947988 0.999537647
17389776086300.000000 0.036247604 0.332959950 -1.163278580 -0.011116321 0.013943178 0.024946986 0.999529779
17389809470799.998047 0.036626622 0.335546970 -1.162748218 -0.009785157 0.013811879 0.025797199 0.999523938
17389842382899.998047 0.035519075 0.336447239 -1.165021777 -0.008602412 0.015129548 0.027514663 0.999469876
17389875750399.998047 0.037247472 0.337779373 -1.167508483 -0.006617010 0.016374923 0.029885689 0.999397278
17389908842100.001953 0.037302066 0.334583431 -1.170279384 -0.005956820 0.018471291 0.031318028 0.999321043
17389941089200.001953 0.034828119 0.335142940 -1.172452927 -0.005560310 0.021369293 0.032698318 0.999221385
17389973987000.001953 0.034993742 0.337981194 -1.177139163 -0.004813472 0.023308190 0.035055179 0.999101996
17390007189299.998047 0.031890780 0.338973761 -1.181395054 -0.004638993 0.025450770 0.036771022 0.998988867
17390041119500.001953 0.027887264 0.340625018 -1.185116887 -0.004841655 0.027217977 0.037770603 0.998903990
17390072962400.001953 0.028091554 0.345508546 -1.187875271 -0.004226645 0.028058516 0.038737826 0.998846531
17390105905800.000000 0.020859854 0.345030487 -1.189851165 -0.004360550 0.030359499 0.037757233 0.998816133
17390138922400.001953 0.018183360 0.344748080 -1.193403840 -0.004700529 0.031027190 0.037372395 0.998808622
17390171912800.000000 0.012667172 0.347262055 -1.200352430 -0.005251269 0.031692423 0.036945615 0.998800874
17390204926900.001953 0.007185552 0.342640579 -1.202979803 -0.007678872 0.031489808 0.036303394 0.998815060
17390238024499.998047 0.008080358 0.347835183 -1.204360485 -0.009559796 0.029165799 0.038980216 0.998768508
17390270913200.001953 0.002119388 0.352638692 -1.207590461 -0.011518755 0.028675254 0.039639439 0.998736084
17390303919800.000000 0.000548732 0.352499187 -1.210291982 -0.013467508 0.028548608 0.040898386 0.998664618
17390336920099.998047 0.001328670 0.353013456 -1.217794061 -0.014863561 0.029197510 0.042997636 0.998537898
17390369923200.000000 -0.004614370 0.355541289 -1.217051387 -0.015399050 0.031758156 0.042738881 0.998462737
17390402922800.000000 -0.004532581 0.357491106 -1.222789168 -0.016331956 0.032602213 0.042727157 0.998421192
17390435900800.000000 -0.011442631 0.358754724 -1.228943467 -0.016374208 0.034062270 0.043103006 0.998355567
17390468907600.000000 -0.008002377 0.360035509 -1.232179880 -0.016262969 0.032894343 0.044343192 0.998342216
17390501971400.000000 -0.014429244 0.358385921 -1.237693310 -0.017551789 0.034051884 0.043097012 0.998336196
17390534918900.000000 -0.013478232 0.359355181 -1.239539981 -0.018237093 0.033908930 0.042979755 0.998333752
17390567812800.000000 -0.017386695 0.364644706 -1.238557100 -0.018180741 0.034939192 0.043531284 0.998275459
17390600916700.001953 -0.015655775 0.367004454 -1.243529201 -0.018379543 0.035237595 0.043201428 0.998275638
17390633931600.001953 -0.019004816 0.367749572 -1.245371222 -0.018391376 0.036820848 0.042740677 0.998238146
17390666811600.000000 -0.018323302 0.369660169 -1.250383973 -0.017416261 0.036807876 0.043060727 0.998242319
17390699781500.000000 -0.017774671 0.368879318 -1.258426070 -0.016737979 0.036072671 0.043017078 0.998282611
17390732923600.000000 -0.025938965 0.364070237 -1.260148048 -0.016181059 0.036260739 0.038994666 0.998450220
17390765913500.000000 -0.026240289 0.364180177 -1.264476180 -0.015057728 0.034827176 0.037705593 0.998568296
17390798907100.001953 -0.026037766 0.364277184 -1.268106461 -0.013652592 0.033382379 0.036605790 0.998678803
17390831943900.000000 -0.025627904 0.364955455 -1.271985769 -0.011924947 0.032247741 0.035262659 0.998786509
17390864892800.000000 -0.022427347 0.365676403 -1.275951743 -0.010624222 0.030656768 0.033775516 0.998902678
17390898798100.000000 -0.021768073 0.366355449 -1.280265450 -0.010506839 0.029665479 0.032124795 0.998988271
17390931000100.001953 -0.020935090 0.367268384 -1.284759283 -0.010639058 0.028200636 0.031045288 0.999063432
17390963905199.998047 -0.020518219 0.368743777 -1.289211392 -0.011109446 0.026482776 0.030252235 0.999129713
17390997049500.001953 -0.018650677 0.369182378 -1.292136669 -0.012352780 0.024659984 0.029788904 0.999175727
17391029976099.998047 -0.016913986 0.370277226 -1.296695232 -0.013316901 0.023243161 0.029227670 0.999213815
17391062996699.998047 -0.015262249 0.373703688 -1.301772714 -0.013630191 0.022006143 0.028177315 0.999267757
17391096024600.000000 -0.013095685 0.373995900 -1.307606101 -0.014599120 0.021118369 0.027129931 0.999302268
17391128988800.000000 -0.012532385 0.376866966 -1.311994314 -0.015146123 0.020451872 0.025728252 0.999345005
17391161913500.000000 -0.010112385 0.377869934 -1.317635417 -0.016041145 0.018736485 0.025259292 0.999376655
17391194965499.998047 -0.007018923 0.378861427 -1.320748091 -0.016655419 0.016171997 0.024957284 0.999418914
17391227964700.000000 -0.007477589 0.379781067 -1.327483177 -0.017633947 0.014083451 0.024786465 0.999438047
17391261134699.998047 -0.005950793 0.381675273 -1.333619595 -0.017695200 0.011516691 0.023590656 0.999498785
17391293911000.000000 -0.003197139 0.382598907 -1.338496208 -0.017505383 0.008794857 0.023178462 0.999539435
17391326893500.001953 -0.001364805 0.385283470 -1.343994379 -0.018394791 0.006890487 0.022558963 0.999552608
17391359940499.998047 -0.003602037 0.388936937 -1.347437859 -0.020330206 0.005944581 0.021443641 0.999545693
17391392929700.000000 -0.002019586 0.390233815 -1.351915836 -0.022562129 0.003671838 0.020752447 0.999523282
17391425982199.998047 -0.001984145 0.393787324 -1.358356476 -0.023470135 0.001542857 0.020400707 0.999515176
17391458920100.001953 -0.001501092 0.392576039 -1.363078594 -0.024402050 -0.000189004 0.021210281 0.999477208
17391492263100.000000 0.000527520 0.394185364 -1.367517591 -0.024723476 -0.001817703 0.021933669 0.999452055
17391525334600.000000 0.003963752 0.392088622 -1.372613549 -0.025779301 -0.002701497 0.024294628 0.999368787
17391557978800.000000 0.004088324 0.394510657 -1.376727104 -0.025473986 -0.002007259 0.025766376 0.999341428
17391591033600.001953 0.003740087 0.400467664 -1.377854824 -0.023266179 -0.000204887 0.026976069 0.999365330
17391623999200.001953 0.002172489 0.400504589 -1.384847522 -0.022567034 0.001761365 0.028940659 0.999324858
17391657537300.001953 0.004572868 0.401956201 -1.388273597 -0.022726284 0.002903907 0.030243171 0.999279976
17391690073099.998047 0.004442170 0.401425749 -1.392205000 -0.022492455 0.004232176 0.032304611 0.999216020
17391722961200.001953 0.001853033 0.397655129 -1.397482395 -0.022179721 0.005283979 0.033130746 0.999190986
17391758126199.998047 0.001736975 0.398235559 -1.399784446 -0.020675752 0.005742532 0.034342490 0.999179780
17391789203299.998047 -0.003707808 0.403975725 -1.405156255 -0.018991293 0.006975989 0.035281733 0.999172688
17391822770100.000000 -0.003642618 0.402537942 -1.408065915 -0.018760042 0.007335044 0.036261786 0.999139309
17391854882100.000000 -0.002873961 0.408061862 -1.414494276 -0.018072873 0.007975058 0.036738712 0.999129653
17391888073600.000000 -0.005292959 0.409990340 -1.417663097 -0.019005222 0.009328782 0.037292778 0.999080181
17391920944200.000000 -0.008393461 0.412931561 -1.423022866 -0.019909007 0.010517600 0.037838012 0.999030232
17391953919700.001953 -0.013366423 0.414166421 -1.424463153 -0.021680444 0.011308881 0.038179215 0.998971701
17391986956300.000000 -0.016406151 0.419100463 -1.426387310 -0.022924533 0.011182399 0.039591808 0.998890340
17392023292800.000000 -0.020787874 0.416009784 -1.430975676 -0.025894014 0.011081797 0.042001929 0.998720467
17392052951400.000000 -0.020902634 0.421174765 -1.433974743 -0.027527725 0.010513103 0.043864056 0.998602927
17392086033900.000000 -0.021875210 0.422932655 -1.440979838 -0.028423661 0.010443447 0.045366313 0.998511434
17392118763999.998047 -0.025440857 0.425724506 -1.441990972 -0.027072269 0.011403513 0.046266712 0.998497128
17392151920200.001953 -0.028459812 0.425533831 -1.448722243 -0.025482493 0.012786032 0.046632290 0.998505175
17392184890600.001953 -0.031850006 0.425826758 -1.451112747 -0.023976043 0.014801008 0.047354467 0.998480678
17392218561400.000000 -0.034613084 0.426775545 -1.456519485 -0.023410521 0.016919021 0.047941063 0.998432457
17392250947500.000000 -0.030162884 0.430397928 -1.460677147 -0.023264369 0.017781282 0.048463453 0.998395681
17392284028099.998047 -0.029489866 0.431406111 -1.465705395 -0.024597406 0.019739673 0.049045123 0.998298526
17392316925800.001953 -0.030945942 0.432412922 -1.470500827 -0.026538242 0.022013480 0.049407650 0.998183429
17392350050100.001953 -0.033180900 0.435592502 -1.474351645 -0.027781812 0.023985574 0.049051698 0.998121679
17392382970499.998047 -0.032931007 0.435155094 -1.478018165 -0.028960066 0.024962427 0.049683921 0.998032987
17392417192100.001953 -0.038929295 0.435848087 -1.481636405 -0.029034242 0.026639970 0.050171260 0.997963011
17392448720199.998047 -0.039409436 0.437935114 -1.485220194 -0.028233871 0.026986472 0.050052159 0.997982681
17392481831300.000000 -0.040348995 0.438906759 -1.492309332 -0.027707255 0.027216714 0.049769074 0.998005331
17392514899900.001953 -0.039124325 0.441785276 -1.494784832 -0.026208736 0.026600465 0.048264001 0.998136401
17392547842799.998047 -0.038853545 0.440831453 -1.499324322 -0.025104187 0.025949825 0.047282193 0.998228848
17392580794300.000000 -0.037730701 0.439125329 -1.501126885 -0.023453806 0.024637988 0.047050912 0.998313189
17392614512299.998047 -0.037497483 0.437605441 -1.506238341 -0.021889336 0.023494175 0.046922471 0.998382270
17392646920100.000000 -0.038574420 0.438464910 -1.507925630 -0.020563390 0.022651760 0.046226561 0.998462439
17392679881700.001953 -0.035475049 0.441222787 -1.512693882 -0.020160770 0.021456305 0.045053355 0.998550653
17392712799699.998047 -0.034118954 0.440574229 -1.515534163 -0.020327771 0.020634253 0.044105127 0.998606980
17392745822300.000000 -0.033070020 0.442673385 -1.515120864 -0.020268265 0.019209521 0.041996289 0.998727441
17392778781400.000000 -0.031878799 0.443408072 -1.524890900 -0.021444235 0.017308675 0.040686056 0.998791933
17392812235200.000000 -0.033062141 0.446515113 -1.525303006 -0.021121271 0.015653700 0.039057631 0.998891056
17392844824700.001953 -0.032756060 0.447559744 -1.533312321 -0.021450283 0.013494326 0.037408050 0.998978794
17392877822700.000000 -0.030793628 0.450650990 -1.537377834 -0.021047674 0.011071707 0.036573563 0.999047995
17392910844300.000000 -0.032641076 0.453307301 -1.541227818 -0.022010393 0.009607996 0.036080897 0.999060333
17392943810800.000000 -0.031613231 0.454552829 -1.547721267 -0.024035757 0.007625942 0.035821635 0.999040067
17392976863200.001953 -0.019857069 0.458344251 -1.552412748 -0.025985729 0.004371952 0.035171114 0.999033868
17393010355999.998047 -0.017744301 0.460931540 -1.559796572 -0.028170491 0.002855170 0.033991393 0.999020934
17393042784099.998047 -0.017781226 0.460130751 -1.565094113 -0.030430937 0.002130605 0.032689929 0.998999894
17393075909800.001953 -0.016337125 0.462375671 -1.565961599 -0.030979486 0.000832705 0.031727344 0.999015987
17393108632600.000000 -0.017567895 0.463180572 -1.573267460 -0.030831691 -0.000061463 0.030741278 0.999051750
17393141833999.998047 -0.010657291 0.468367457 -1.574744940 -0.028755903 -0.002534448 0.031259067 0.999094367
17393174901700.000000 -0.013411917 0.465789288 -1.582024813 -0.029007673 -0.003027577 0.031745613 0.999070406
17393207957300.001953 -0.012226969 0.467679530 -1.580763102 -0.028882561 -0.003787451 0.031552069 0.999077618
17393240879500.001953 -0.012845654 0.467705220 -1.586549997 -0.029273110 -0.004480981 0.031468473 0.999065936
17393273927800.000000 -0.010842625 0.470323503 -1.592144489 -0.028669303 -0.006269285 0.031036250 0.999087393
17393306831400.001953 -0.013682976 0.468736798 -1.593519926 -0.029232528 -0.006751723 0.029460255 0.999115586
17393339939099.998047 -0.019043609 0.467809618 -1.598577857 -0.029657172 -0.006926855 0.028708477 0.999123752
17393372799300.000000 -0.016984526 0.468608052 -1.603401423 -0.029829713 -0.007548090 0.028575405 0.999117970
17393405883000.000000 -0.013600221 0.472035110 -1.604220986 -0.028632127 -0.007707984 0.029786285 0.999116421
17393438709600.000000 -0.014908523 0.470022887 -1.606061935 -0.028192515 -0.005875896 0.032479048 0.999057531
17393471969600.000000 -0.022941576 0.474901587 -1.607713342 -0.026280571 -0.002296701 0.034773238 0.999047041
17393504726500.000000 -0.024285546 0.475824147 -1.610609531 -0.025001364 0.000811524 0.036903340 0.999005735
17393537773299.998047 -0.026165575 0.476414382 -1.612507105 -0.023438055 0.004051983 0.038690250 0.998968124
17393570805200.000000 -0.028574334 0.476527214 -1.615355372 -0.021798695 0.007122302 0.040001664 0.998936415
17393604140600.000000 -0.031730108 0.476376414 -1.617131948 -0.021055490 0.009953025 0.041476972 0.998868048
17393636818100.000000 -0.033667844 0.479443729 -1.617481709 -0.020650422 0.012442607 0.042815108 0.998792112
17393669775300.000000 -0.036488593 0.479215264 -1.620089769 -0.021141009 0.014931428 0.043750402 0.998707175
17393702851099.998047 -0.039740227 0.481435359 -1.621615291 -0.021227036 0.017115984 0.045458749 0.998594046
17393735779800.001953 -0.043593545 0.481939554 -1.627366781 -0.021506282 0.018618522 0.046879254 0.998495519
17393768836000.000000 -0.046791520 0.483560264 -1.627310991 -0.020889148 0.019557741 0.048965301 0.998390555
17393801772399.998047 -0.050659623 0.483199239 -1.630283833 -0.021549426 0.020568617 0.050730292 0.998268068
17393834806100.000000 -0.054131601 0.486163706 -1.631225824 -0.022813072 0.021587865 0.052673817 0.998117745
17393867816900.001953 -0.055545028 0.489227623 -1.632764459 -0.025231246 0.022266543 0.053563107 0.997997284
17393900788899.998047 -0.058134802 0.491357207 -1.636273503 -0.027053479 0.023126021 0.054186232 0.997896373
17393933792299.998047 -0.061879423 0.492058873 -1.638708353 -0.028163651 0.024325678 0.053560507 0.997870922
17393966921100.000000 -0.065827146 0.492731065 -1.643986464 -0.028832095 0.024876509 0.053569011 0.997837842
17394000133300.000000 -0.069443613 0.494031280 -1.646977544 -0.028457772 0.025331741 0.053632256 0.997833729
17394032766600.001953 -0.070384644 0.497018397 -1.649588585 -0.027535731 0.025588566 0.053268664 0.997872531
17394065881400.001953 -0.071519673 0.497583359 -1.653213620 -0.027236234 0.026466554 0.053081594 0.997867763
17394098858900.000000 -0.071596533 0.497702807 -1.656652689 -0.026243433 0.027243758 0.052511331 0.997903645
17394131693899.998047 -0.074596263 0.499734879 -1.661993861 -0.024263388 0.028144171 0.050904315 0.998012066
17394164748000.000000 -0.074663535 0.499424309 -1.665501475 -0.022806838 0.027580166 0.050034307 0.998106122
17394197782899.998047 -0.077385560 0.499194801 -1.671153665 -0.021287899 0.027205847 0.048269108 0.998236895
17394230826600.000000 -0.076207913 0.498528630 -1.676365256 -0.019935381 0.025647579 0.047387369 0.998348236
17394263682800.000000 -0.075949997 0.500884652 -1.677807570 -0.017534267 0.024240626 0.046068043 0.998490274
17394296777200.001953 -0.076711342 0.500734866 -1.683586001 -0.015463347 0.023837876 0.044527847 0.998604000
17394329939200.000000 -0.077662177 0.500722587 -1.688942909 -0.013422688 0.023733672 0.043080702 0.998699486
17394363287200.001953 -0.075295061 0.502553999 -1.692395449 -0.011423190 0.023363009 0.042324990 0.998765349
17394395748399.998047 -0.077335171 0.503803670 -1.696755171 -0.010228586 0.023946198 0.041346267 0.998805523
17394429340600.000000 -0.076353945 0.504218400 -1.700236917 -0.009532873 0.023529792 0.040726267 0.998847783
17394461858600.000000 -0.075089395 0.508235812 -1.702936649 -0.007881628 0.022713415 0.040437121 0.998892784
17394494807100.000000 -0.074755982 0.507239282 -1.708885670 -0.007577938 0.021760026 0.039802428 0.998941898
17394527781500.000000 -0.073223718 0.507109463 -1.714509964 -0.007610659 0.020947477 0.039300852 0.998978853
17394560634000.001953 -0.070802264 0.509835958 -1.718421817 -0.007352236 0.019983936 0.038868222 0.999017477
17394593796599.998047 -0.066924013 0.509691715 -1.722415209 -0.007428401 0.018496988 0.038794234 0.999048412
17394626828300.000000 -0.066790700 0.511874557 -1.726744652 -0.007628906 0.017731326 0.037368912 0.999115169
17394659583199.998047 -0.065647289 0.513851047 -1.736431003 -0.008516267 0.016276594 0.036118548 0.999178648
17394692723700.001953 -0.066274449 0.515892208 -1.740745425 -0.009188948 0.015070481 0.034805372 0.999238253
17394725661199.998047 -0.061155897 0.518587172 -1.746545792 -0.009867049 0.012805574 0.033799395 0.999297917
17394758794000.001953 -0.061983846 0.517725229 -1.751116991 -0.011612752 0.011943817 0.032758642 0.999324441
17394792001800.000000 -0.060402479 0.517729878 -1.757169008 -0.012773096 0.010860770 0.032617386 0.999327302
17394824741400.000000 -0.055725772 0.518399358 -1.763877153 -0.012519922 0.008783341 0.032606240 0.999351263
17394858397299.998047 -0.053923357 0.517990112 -1.767469525 -0.013954774 0.006851396 0.033140685 0.999329746
17394891536800.001953 -0.049778067 0.518318713 -1.774811506 -0.015664592 0.004052058 0.034109116 0.999287128
17394923773300.000000 -0.050228018 0.520153999 -1.776346326 -0.016353523 0.002677218 0.033974368 0.999285340
17394956422000.000000 -0.053029247 0.520315468 -1.780650735 -0.018333584 0.001705894 0.033355009 0.999274015
17394989635300.000000 -0.050097533 0.523409069 -1.788178563 -0.020288069 -0.000781878 0.033328705 0.999238193
17395022770600.000000 -0.053498190 0.525803447 -1.799382448 -0.022122687 -0.002529136 0.032578301 0.999221146
17395055795900.000000 -0.051565636 0.529611349 -1.795506358 -0.023464784 -0.004747442 0.032938115 0.999170661
17395088735300.000000 -0.051190287 0.528105319 -1.802651525 -0.025739573 -0.006814451 0.033054791 0.999098837
17395122928100.001953 -0.056781523 0.530475974 -1.816247463 -0.026602687 -0.007156384 0.032325517 0.999097705
17395154831400.000000 -0.052943107 0.532201946 -1.821218848 -0.025440993 -0.009062798 0.032909993 0.999093354
17395187881400.001953 -0.051194437 0.531961322 -1.817977071 -0.023968218 -0.009757766 0.033301923 0.999110281
17395221595399.998047 -0.052329786 0.534106314 -1.822513700 -0.022954967 -0.009570962 0.034169540 0.999106586
17395254263800.001953 -0.053822234 0.533861697 -1.824990630 -0.022703851 -0.008140476 0.036000974 0.999060690
17395286828200.001953 -0.053374641 0.533107638 -1.828498125 -0.021496803 -0.006394627 0.038453579 0.999008715
17395320078199.998047 -0.058418442 0.535088181 -1.826356530 -0.018785479 -0.002747498 0.039440528 0.999041617
17395353239000.000000 -0.058932818 0.536422312 -1.827822328 -0.016736103 0.000445589 0.040577695 0.999036193
17395385502100.001953 -0.061050121 0.536089897 -1.826986551 -0.016028302 0.003705439 0.041829403 0.998989403
17395419705100.001953 -0.064712904 0.533992946 -1.828833342 -0.015996186 0.006829023 0.042467106 0.998946548
17395451808900.001953 -0.067226343 0.536088526 -1.831254721 -0.014753539 0.009221821 0.043045666 0.998921633
17395484753600.001953 -0.065882005 0.535108566 -1.834617972 -0.015321014 0.010800431 0.043969031 0.998857021
17395518419600.000000 -0.070298895 0.535833895 -1.832465649 -0.015252710 0.012872431 0.043549847 0.998851955
17395550959900.000000 -0.073519550 0.535005808 -1.832676291 -0.015600078 0.013739292 0.042403951 0.998884261
17395583779699.998047 -0.075672768 0.538712621 -1.842660546 -0.016447293 0.013316644 0.041335657 0.998921216
17395617626800.001953 -0.075428717 0.535115540 -1.840855956 -0.019282937 0.011654107 0.040230419 0.998936415
17395649706799.998047 -0.076088741 0.539319396 -1.827066064 -0.020875029 0.009957326 0.039296679 0.998959899
17395682434900.001953 -0.082878433 0.544185936 -1.835507035 -0.024411324 0.009041243 0.039558109 0.998878181
17395715651600.000000 -0.073545799 0.542179227 -1.826555133 -0.027374979 0.006591368 0.040710147 0.998774171
17395748736200.000000 -0.072072782 0.540839851 -1.828086972 -0.029280318 0.005897969 0.041663621 0.998685122
17395781704599.998047 -0.073685087 0.541903257 -1.830947042 -0.030058779 0.006186584 0.042735588 0.998615026
17395815674300.000000 -0.076380193 0.537137806 -1.835523844 -0.031186655 0.007026081 0.043219674 0.998554051
17395847805099.998047 -0.079471156 0.538895607 -1.835368872 -0.030335099 0.008437279 0.043650277 0.998550653
17395880778200.000000 -0.080947168 0.542319477 -1.838784695 -0.029697077 0.009664731 0.044887334 0.998503804
17395913757200.000000 -0.078098878 0.541704476 -1.835081697 -0.029823940 0.010496688 0.046696249 0.998408675
17395946767900.000000 -0.083301842 0.542019367 -1.842741489 -0.030255614 0.012994220 0.046727378 0.998364866
17395979287200.000000 -0.089248061 0.544528663 -1.846737266 -0.029932007 0.015746562 0.047040876 0.998320282
17396013301100.000000 -0.085565619 0.544902563 -1.845866680 -0.029276326 0.016935086 0.048602358 0.998245478
17396045714200.001953 -0.089051574 0.549789369 -1.849363089 -0.027404200 0.019539602 0.048039105 0.998278260
17396078649000.000000 -0.086219512 0.549368680 -1.845615625 -0.025508588 0.020485701 0.049106989 0.998257577
17396111730100.001953 -0.084607184 0.544940233 -1.852250814 -0.024941983 0.021252388 0.049407300 0.998241007
17396144712300.000000 -0.091783330 0.549099445 -1.858337879 -0.023768570 0.023211122 0.048595138 0.998265922
17396177760499.998047 -0.093477733 0.550413549 -1.861240864 -0.023318663 0.023575796 0.048471715 0.998273969
17396211116300.000000 -0.093429245 0.550755858 -1.864441633 -0.023635335 0.022770276 0.048182409 0.998299241
17396244114800.000000 -0.096553139 0.551390290 -1.868170142 -0.023017112 0.022400439 0.048685219 0.998297691
17396276905100.000000 -0.098091155 0.549764276 -1.863066077 -0.021674119 0.022568693 0.049572382 0.998280287
17396309755999.998047 -0.092860907 0.547726035 -1.855318785 -0.020144328 0.022841275 0.050063472 0.998281598
17396342734400.001953 -0.091504261 0.546398878 -1.854118228 -0.019390386 0.024609167 0.050005909 0.998257458
17396375744000.000000 -0.095245697 0.548277438 -1.857769608 -0.018695226 0.026929541 0.049459059 0.998238027
17396409011299.998047 -0.096997581 0.547025502 -1.857835650 -0.018549098 0.028275304 0.048320878 0.998259246
17396441932999.998047 -0.087729953 0.545766175 -1.855522037 -0.018127361 0.027078779 0.048380326 0.998297334
17396474699499.998047 -0.090467460 0.545502663 -1.853339076 -0.017816944 0.027765445 0.047256503 0.998337865
17396532073800.000000 -0.094378881 0.545548201 -1.855719805 -0.017746253 0.028142039 0.046494640 0.998364389
17396563332000.001953 -0.091469385 0.544197738 -1.853694677 -0.017772805 0.027858121 0.045179311 0.998432219
17396597767399.998047 -0.091484025 0.541871965 -1.852519631 -0.017702049 0.028089309 0.043701205 0.998492837
17396626232700.000000 -0.089036949 0.543450892 -1.850892305 -0.016627176 0.027158661 0.041994069 0.998610318
17396655182300.000000 -0.086184844 0.542405546 -1.853050828 -0.016182523 0.025728988 0.040498279 0.998717248
17396683461000.000000 -0.087367341 0.542412102 -1.847180128 -0.015744073 0.024525257 0.039357595 0.998800099
17396718368400.001953 -0.081776105 0.539280772 -1.840938687 -0.016371997 0.022538487 0.038796227 0.998858750
17396749152299.998047 -0.087379724 0.539639354 -1.845666647 -0.017047334 0.021344891 0.037254561 0.998932362
17396782382400.000000 -0.084879667 0.538045526 -1.843076468 -0.017531522 0.018175494 0.035985868 0.999033213
17396816377600.000000 -0.081796035 0.542615116 -1.844049811 -0.016349962 0.014273336 0.034205884 0.999179184
17396848500299.998047 -0.077235833 0.538851261 -1.843000770 -0.015366217 0.010621223 0.033694565 0.999257624
17396881405500.000000 -0.077500835 0.538166046 -1.839633822 -0.014197763 0.009076605 0.032143496 0.999341249
17396914375600.001953 -0.073094182 0.538392603 -1.828049421 -0.013680484 0.008316793 0.031056035 0.999389470
17396947439500.000000 -0.072964281 0.533948123 -1.826494455 -0.015515463 0.008640987 0.030805225 0.999367595
17396980466000.000000 -0.070331164 0.535138547 -1.823811054 -0.016434429 0.008066909 0.031148558 0.999347150
17397014012000.000000 -0.069814704 0.534988105 -1.828961611 -0.017272221 0.007006250 0.030992683 0.999345839
17397046317699.998047 -0.070827603 0.533482015 -1.826699018 -0.017802510 0.005459038 0.031116236 0.999342382
17397079800000.000000 -0.065212704 0.531849742 -1.827061176 -0.017312985 0.002591671 0.032281671 0.999325514
17397112377700.000000 -0.067356676 0.532127261 -1.819189310 -0.015260137 0.001386420 0.032876093 0.999342024
17397145455999.998047 -0.058979537 0.529589057 -1.808261514 -0.012869998 -0.000733070 0.034634572 0.999316931
17397178387900.000000 -0.062661119 0.527114868 -1.801168084 -0.011059102 0.000245643 0.034942910 0.999328077
17397211958400.000000 -0.062066704 0.525129557 -1.797990203 -0.009647830 0.001082748 0.035156928 0.999334693
17397244340599.998047 -0.061590366 0.520315409 -1.791543484 -0.008552945 0.002189573 0.035469882 0.999331772
17397277585500.000000 -0.060651172 0.523613989 -1.779031277 -0.002958697 0.002644610 0.035182469 0.999373019
17397310368800.001953 -0.060116068 0.522055030 -1.775001407 0.002840856 0.002155396 0.035887316 0.999349535
17397343207099.998047 -0.060893521 0.519471109 -1.770228744 0.007737588 0.001950811 0.037105095 0.999279559
17397376347400.000000 -0.062065914 0.519284487 -1.766389251 0.010770132 0.002027180 0.038877118 0.999183893
17397409816200.000000 -0.065401487 0.517727673 -1.759016871 0.012533077 0.003605377 0.040292617 0.999102831
17397442366200.000000 -0.067947969 0.516130865 -1.753481269 0.014801666 0.005663080 0.040584449 0.999050498
17397475386900.001953 -0.069583319 0.514257789 -1.747832060 0.016005173 0.007957782 0.040868018 0.999004662
17397508430499.998047 -0.071447581 0.513117015 -1.741545796 0.017093012 0.010103638 0.041596733 0.998937190
17397541463700.000000 -0.071577489 0.507981956 -1.736639619 0.016977014 0.011120045 0.042689092 0.998882294
17397574383500.000000 -0.072998449 0.504330158 -1.728868246 0.015668638 0.012148903 0.043734051 0.998846471
17397607428500.000000 -0.076118618 0.501708686 -1.720708132 0.013105271 0.013038750 0.043968506 0.998861849
17397640362100.000000 -0.077349514 0.501259685 -1.715078115 0.012289610 0.013134614 0.044567507 0.998844445
17397673348000.000000 -0.078122988 0.500679553 -1.709055543 0.012779742 0.013331209 0.044896938 0.998820901
17397706397800.000000 -0.078916736 0.499772310 -1.702288628 0.012779437 0.014082384 0.045206979 0.998796701
17397739473000.001953 -0.082654372 0.497619510 -1.696488619 0.010985989 0.015658163 0.043837272 0.998855591
17397773114400.000000 -0.083832309 0.497128725 -1.689707398 0.009089932 0.016547814 0.043886431 0.998858154
17397805424800.000000 -0.086305916 0.495729119 -1.684857011 0.006876105 0.017564889 0.044484273 0.998831987
17397838319499.998047 -0.084812015 0.495815367 -1.680441380 0.005899191 0.017734474 0.044997610 0.998812258
17397871355399.998047 -0.085573688 0.492254347 -1.675091624 0.005765390 0.018472107 0.045213390 0.998789907
17397905148400.001953 -0.083543949 0.490725875 -1.670934558 0.006846542 0.018682892 0.045724880 0.998755872
17397937376499.998047 -0.086352587 0.489444733 -1.666826129 0.007830451 0.019861802 0.045682855 0.998727918
17397970466100.000000 -0.085097708 0.487436861 -1.661033511 0.008237654 0.019964773 0.046175472 0.998699903
17398003379800.000000 -0.084354118 0.484743893 -1.654410124 0.009120994 0.019804569 0.045970533 0.998704851
17398036342500.000000 -0.084120400 0.482765973 -1.651610017 0.009584035 0.019470526 0.045809012 0.998714507
17398069327300.000000 -0.083904721 0.482689559 -1.644799829 0.010160330 0.019182714 0.045494340 0.998728752
17398102353200.000000 -0.085173294 0.478933305 -1.641813755 0.010083356 0.018515781 0.044905491 0.998768806
17398135353700.000000 -0.084708884 0.479329079 -1.636178732 0.010544767 0.018057523 0.043404307 0.998838782
17398168367999.998047 -0.080904387 0.479562610 -1.627974391 0.010813204 0.016751995 0.041522499 0.998938620
17398201379300.000000 -0.082176484 0.476027876 -1.628276587 0.010113155 0.015104215 0.038647175 0.999087572
17398234347000.001953 -0.080035865 0.474481881 -1.623572350 0.009374011 0.012449879 0.035518393 0.999247551
17398267379300.000000 -0.077093877 0.473119885 -1.620087385 0.008854029 0.008807130 0.034252964 0.999335229
17398300360599.998047 -0.076541841 0.471622944 -1.614040732 0.009965357 0.006153053 0.032487549 0.999403596
17398333425000.000000 -0.073058397 0.470381021 -1.608181238 0.011942773 0.004175033 0.030891135 0.999442697
17398366364800.000000 -0.071849957 0.468721360 -1.603109598 0.013131063 0.004034800 0.027942058 0.999515235
17398399364100.001953 -0.071648449 0.466061532 -1.598255515 0.014418341 0.004139854 0.024822189 0.999579370
17398432353500.000000 -0.067816384 0.466273397 -1.594800591 0.015335603 0.002684121 0.022732113 0.999620438
17398465428200.001953 -0.063951440 0.463363498 -1.593356848 0.014247220 0.000062944 0.021715060 0.999662697
17398498424599.998047 -0.060332227 0.461353004 -1.589079738 0.013079666 -0.003045695 0.021780554 0.999672592
17398531344700.000000 -0.060923837 0.462316304 -1.582353354 0.012562324 -0.004535971 0.021315107 0.999683619
17398564350800.000000 -0.059196249 0.461149842 -1.576947808 0.012252953 -0.005696809 0.020169893 0.999705315
17398597381000.000000 -0.055803984 0.460107982 -1.574150920 0.011760513 -0.006970842 0.019787673 0.999710739
17398630221799.998047 -0.052955747 0.459254861 -1.569170475 0.010869417 -0.008520795 0.018745722 0.999728978
17398663352000.000000 -0.051236525 0.456555247 -1.565671921 0.009202426 -0.010167953 0.018321509 0.999738097
17398696378500.000000 -0.050900124 0.453970850 -1.562505722 0.008274475 -0.011767436 0.017709181 0.999739707
17398729366200.001953 -0.047584135 0.451390892 -1.560116887 0.008303546 -0.013927761 0.016823322 0.999727070
17398762365100.000000 -0.046923179 0.451071143 -1.555716276 0.010408410 -0.014798055 0.017013527 0.999691546
17398795394600.001953 -0.046625432 0.448589921 -1.548714519 0.012486622 -0.014826220 0.016707985 0.999672532
17398828610100.001953 -0.049288839 0.447913468 -1.541329622 0.013204345 -0.013760149 0.016513553 0.999681771
17398861380499.998047 -0.048676882 0.444725335 -1.537018776 0.013389586 -0.013711500 0.016615855 0.999678254
17398894380400.000000 -0.047510758 0.444426179 -1.531728625 0.014221895 -0.013881453 0.018099444 0.999638736
17398927338500.001953 -0.047439791 0.442670316 -1.525741220 0.014619785 -0.013571892 0.018999452 0.999620557
17398960368299.998047 -0.047567442 0.441756457 -1.517657757 0.014772170 -0.012435706 0.019650742 0.999620497
17398993423799.998047 -0.049651299 0.440045118 -1.511382699 0.014195754 -0.010393557 0.020515889 0.999634802
17399026349299.998047 -0.049918395 0.440801233 -1.503087401 0.013523320 -0.008896185 0.022203995 0.999622405
17399059246400.000000 -0.048300929 0.439464927 -1.500216246 0.012226942 -0.007849565 0.023537569 0.999617398
17399092343400.000000 -0.050406203 0.438303918 -1.489349604 0.012080001 -0.006059893 0.025688507 0.999578714
17399125435900.001953 -0.050000966 0.438201576 -1.484425902 0.013696670 -0.004274922 0.028002268 0.999504864
17399158481900.001953 -0.049455602 0.435131550 -1.476300001 0.014413281 -0.001791226 0.028692190 0.999482810
17399191406999.998047 -0.050980523 0.431858629 -1.467407942 0.014377154 0.001531496 0.029023919 0.999474227
17399224500000.000000 -0.053091973 0.429624915 -1.459777713 0.014949322 0.004444260 0.028775413 0.999464273
17399257395100.001953 -0.053994432 0.426884919 -1.454777360 0.015696693 0.006764633 0.029083680 0.999430835
17399290370600.000000 -0.054641638 0.424700648 -1.451217055 0.015751036 0.008021845 0.030016044 0.999393165
17399323409300.000000 -0.053787287 0.421596378 -1.442646861 0.015408126 0.009325535 0.031362552 0.999345839
17399356426100.000000 -0.060148172 0.420137823 -1.437339902 0.016003327 0.012411735 0.032672789 0.999260902
17399389459900.001953 -0.058156144 0.418813527 -1.428547263 0.017509243 0.014670680 0.034068588 0.999158442
17399422346000.000000 -0.061169408 0.416512549 -1.421890020 0.018051224 0.018517518 0.034799453 0.999059737
17399455475200.000000 -0.057911925 0.411898464 -1.415634394 0.017500943 0.020685142 0.035749640 0.998993456
17399488383299.998047 -0.057667170 0.409598351 -1.412119269 0.017240269 0.022793701 0.036154620 0.998937488
17399521318600.000000 -0.060074784 0.409594119 -1.408216834 0.018675042 0.024360092 0.036245029 0.998871446
17399554345199.998047 -0.059548993 0.406592250 -1.403788209 0.019600324 0.024926452 0.037489895 0.998793781
17399587419200.001953 -0.060277060 0.404512376 -1.396793008 0.018900646 0.026200265 0.039048873 0.998714983
17399623341600.000000 -0.058479764 0.401713371 -1.390007734 0.017267456 0.027211405 0.040296402 0.998667896
17399653382600.001953 -0.060847193 0.402759165 -1.385221362 0.016575679 0.029153388 0.040688287 0.998609006
17399686352300.000000 -0.058554087 0.400598586 -1.378499627 0.015438760 0.030542843 0.041625779 0.998547018
17399719371100.000000 -0.058696575 0.395825744 -1.372539997 0.013893279 0.032754473 0.042269789 0.998472571
17399752228599.998047 -0.057921600 0.396279901 -1.367449760 0.013805863 0.034929626 0.042845309 0.998375475
17399785403499.998047 -0.053910431 0.393768489 -1.363457203 0.012854076 0.036554098 0.042765383 0.998333454
17399819077000.000000 -0.053691246 0.390661538 -1.358761311 0.012244960 0.038097166 0.042818666 0.998281121
17399851395599.998047 -0.052059997 0.389433950 -1.353072166 0.013010398 0.038828015 0.042806495 0.998243809
17399884598900.000000 -0.051339883 0.387104124 -1.350101709 0.013661120 0.039997902 0.042691447 0.998193860
17399917376200.000000 -0.047159392 0.385528773 -1.343270302 0.014368665 0.040557045 0.043127716 0.998142660
17399950361399.998047 -0.044184010 0.385595083 -1.337734103 0.014776946 0.041002382 0.043320119 0.998110175
17400002391200.000000 -0.041889973 0.388472617 -1.338148832 0.014030560 0.041352294 0.042389885 0.998146474
17400030548200.000000 -0.036402684 0.388391763 -1.333386898 0.011389805 0.040269237 0.041610226 0.998257160
17400060176200.000000 -0.036486849 0.383364916 -1.326141596 0.008994098 0.039425958 0.039837878 0.998387516
17400089096299.998047 -0.033101421 0.383988887 -1.328164339 0.008231896 0.037552390 0.036583342 0.998590946
17400118926500.000000 -0.025953704 0.383025050 -1.322758079 0.009007148 0.034917302 0.036119137 0.998696685
17400152236900.001953 -0.024954613 0.382189810 -1.318148851 0.009904206 0.034557283 0.034269858 0.998765886
17400185052699.998047 -0.023817156 0.381282419 -1.312811136 0.009440368 0.034967925 0.032667991 0.998809755
17400224259800.001953 -0.019549709 0.380075157 -1.309876680 0.008396159 0.034437623 0.031053741 0.998888969
17400251245799.998047 -0.014369217 0.378047705 -1.306401134 0.008178226 0.032433789 0.030402187 0.998977959
17400284182799.998047 -0.010200614 0.375429332 -1.305156112 0.008764939 0.030006081 0.030077878 0.999058604
17400318304699.998047 -0.010252211 0.370496571 -1.299585462 0.008410152 0.028907044 0.029934255 0.999098420
17400350204300.000000 -0.008864448 0.370619535 -1.291624904 0.008231277 0.028328108 0.029830638 0.999119639
17400383275400.000000 -0.004157374 0.369528741 -1.288398266 0.007767442 0.027507856 0.030133205 0.999137163
17400416133300.001953 -0.001991025 0.370244026 -1.288794518 0.008431192 0.027524462 0.028993027 0.999165058
17400449115500.000000 0.000701194 0.368001938 -1.284505367 0.009519204 0.026468812 0.027247794 0.999232948
17400482202100.000000 0.000953691 0.362606645 -1.275877833 0.010929152 0.025747938 0.025742093 0.999277234
17400515021800.001953 0.002071127 0.360150397 -1.272495270 0.012633933 0.024679342 0.024284707 0.999320567
17400548135800.000000 0.001988985 0.359251767 -1.274393916 0.014147108 0.023919180 0.022835450 0.999352932
17400581197300.001953 0.002400390 0.357980996 -1.268469214 0.015966803 0.022713792 0.022425154 0.999362946
17400614936700.000000 0.003004798 0.356146544 -1.264899135 0.016960299 0.021470765 0.021987559 0.999383867
17400647130599.998047 0.004656231 0.353011400 -1.260473132 0.017215589 0.019851241 0.021077031 0.999432504
17400680112900.001953 0.004201060 0.354697496 -1.252877593 0.018378081 0.019183047 0.021401061 0.999417961
17400712929599.998047 0.002778836 0.352427751 -1.247235179 0.017644063 0.019508416 0.020901004 0.999435484
17400746514300.000000 0.003463133 0.351561278 -1.241831064 0.016902983 0.019628376 0.021134133 0.999441028
17400779150100.000000 0.002113110 0.351163685 -1.235801578 0.016525444 0.020245280 0.021135421 0.999435067
17400812937800.001953 0.001707525 0.349984884 -1.229155302 0.016961643 0.020433711 0.021839142 0.999408782
17400845081100.000000 0.000704599 0.346854895 -1.223022223 0.017168051 0.020774931 0.022126736 0.999391854
17400878520700.000000 0.002282350 0.346848041 -1.218348265 0.016899744 0.020915268 0.023007965 0.999373674
17400911208200.000000 -0.001312822 0.346071035 -1.212415695 0.016726524 0.022437489 0.023390276 0.999334633
17400944172900.000000 -0.002664169 0.344977945 -1.206137657 0.017550720 0.023691682 0.024228739 0.999271631
17400977317300.000000 -0.002407844 0.341459453 -1.198910594 0.018705305 0.024014164 0.024528826 0.999235630
17401010722899.998047 -0.006604076 0.340512633 -1.195238709 0.020911587 0.024633888 0.023827696 0.999193728
17401043122000.000000 -0.003676126 0.335721195 -1.193966031 0.023427380 0.023118969 0.024170261 0.999165952
17401076341500.000000 -0.006532297 0.335181683 -1.185159087 0.026667502 0.023690803 0.025017371 0.999050438
17401108984200.000000 -0.006296368 0.334201604 -1.181066513 0.028205907 0.023919094 0.025612673 0.998987675
17401142178400.001953 -0.006060340 0.331934333 -1.174982309 0.028422719 0.024714058 0.026259234 0.998945355
17401175295199.998047 -0.008453676 0.329608291 -1.170011759 0.028199388 0.026207061 0.026522031 0.998906732
17401208243500.001953 -0.008102857 0.329722613 -1.165175080 0.028053878 0.027034272 0.027421419 0.998864472
17401241111600.000000 -0.008953397 0.325700372 -1.158899307 0.027320269 0.027740000 0.027904984 0.998852134
17401274145399.998047 -0.009072460 0.322944671 -1.156288147 0.027276006 0.027985824 0.027971417 0.998844564
17401307626700.000000 -0.010659741 0.322351098 -1.150408864 0.027796779 0.029041741 0.028225234 0.998793006
17401340113300.000000 -0.008501660 0.320783019 -1.142648458 0.027941018 0.029518254 0.029729391 0.998731315
17401373187900.000000 -0.008403686 0.320740402 -1.136784792 0.028294487 0.031363707 0.030228544 0.998650074
17401406170300.000000 -0.007601991 0.318289608 -1.130436778 0.028418100 0.032934174 0.030712077 0.998581231
17401439091100.000000 -0.009715017 0.315164894 -1.126609325 0.028618708 0.034573145 0.030532915 0.998525620
17401472090800.001953 -0.006626316 0.313602835 -1.119853497 0.029810561 0.034318019 0.030583892 0.998498023
17401505214800.000000 -0.006684694 0.311955899 -1.116490006 0.031550936 0.034119710 0.029858446 0.998473346
17401538104200.000000 -0.005044698 0.308258414 -1.111895919 0.032181118 0.033056397 0.029591670 0.998496890
17401571137800.001953 -0.004672443 0.305942386 -1.108334541 0.033161908 0.032151647 0.029152187 0.998507261
17401604278100.000000 -0.001445994 0.305612922 -1.097128987 0.035496175 0.030467898 0.029407989 0.998472333
17401637140800.001953 0.002699253 0.304061353 -1.092401862 0.036961000 0.028604385 0.028113177 0.998511612
17401670139400.001953 0.005235149 0.302852511 -1.088194847 0.036586948 0.027007092 0.027115488 0.998597383
17401703230399.998047 0.008628926 0.299470842 -1.083748579 0.034275483 0.024329107 0.025908722 0.998780251
17401736157399.998047 0.013412999 0.301330388 -1.077746272 0.032118052 0.019822624 0.024536589 0.998986244
17401769064000.000000 0.013192139 0.301645130 -1.072345853 0.030835332 0.016230855 0.023222774 0.999122858
17401802095300.001953 0.015819456 0.299796730 -1.069903612 0.030983819 0.010968573 0.021625737 0.999225795
17401835215399.998047 0.017936170 0.299484998 -1.065554261 0.031525940 0.006346207 0.020905010 0.999264181
17401868161300.000000 0.018620301 0.299440205 -1.061082006 0.032143638 0.002547399 0.020347532 0.999272883
17401901257800.000000 0.019897554 0.298552066 -1.056671381 0.032792911 -0.001043875 0.019851074 0.999264538
17401934135900.000000 0.020204077 0.297158331 -1.052229762 0.033134580 -0.003378369 0.018742535 0.999269485
17401967249099.998047 0.021479694 0.296736985 -1.049472690 0.033227090 -0.005672781 0.017942475 0.999270678
17402000217600.001953 0.022839952 0.294603229 -1.048776865 0.032127336 -0.008393451 0.016796129 0.999307394
17402033204799.998047 0.023272572 0.293366551 -1.044363022 0.031169362 -0.011654569 0.015033261 0.999333143
17402066201500.001953 0.023556674 0.293344408 -1.040393233 0.030460885 -0.015296318 0.013640334 0.999325812
17402099123900.000000 0.024640365 0.291824102 -1.040450335 0.028966108 -0.020003373 0.011280190 0.999316573
17402132210500.000000 0.025333369 0.291290313 -1.036552429 0.027923115 -0.024612581 0.009365213 0.999263227
17402165233100.000000 0.026967220 0.290605605 -1.035186529 0.027430957 -0.029342063 0.007546945 0.999164522
17402198263300.000000 0.025658261 0.290505111 -1.028336525 0.027267737 -0.032694682 0.005378769 0.999078870
17402231385700.000000 0.024822135 0.290716767 -1.023193955 0.027825700 -0.036205653 0.003395658 0.998951137
17402264292799.998047 0.023516677 0.289686739 -1.020616889 0.028422551 -0.038919169 0.001350612 0.998837173
17402297432000.000000 0.025732622 0.287632287 -1.019970894 0.029376233 -0.042932414 -0.000042074 0.998646021
17402330405000.000000 0.025244061 0.285673469 -1.016956091 0.030167641 -0.045745064 -0.001990659 0.998495579
17402363472599.998047 0.024275895 0.285623759 -1.013825417 0.030438701 -0.047875043 -0.002776637 0.998385608
17402396420599.998047 0.022562886 0.283353269 -1.011909962 0.028954746 -0.049203821 -0.003801596 0.998361766
17402429525500.000000 0.021631571 0.284593135 -1.003026247 0.029042233 -0.049364462 -0.003438552 0.998352587
17402462564800.000000 0.020510480 0.284887731 -0.996453404 0.029328318 -0.047812272 -0.002652082 0.998422205
17402495505700.000000 0.022699760 0.284419596 -0.993245482 0.029513530 -0.046475660 -0.001063793 0.998482764
17402528494300.000000 0.020842876 0.285079867 -0.986517966 0.029985046 -0.043959558 0.000193224 0.998583257
17402561529400.001953 0.019166347 0.282379448 -0.986206412 0.029304417 -0.042725965 0.001261852 0.998656213
17402594715800.001953 0.016224068 0.283698559 -0.978594184 0.031189946 -0.041718554 0.003319976 0.998636961
17402628352100.000000 0.014457179 0.283390194 -0.972707808 0.034407124 -0.040838145 0.003924875 0.998565495
17402660496400.000000 0.011362791 0.280741513 -0.969437659 0.035501789 -0.039512359 0.001860851 0.998586535
17402693476900.000000 0.010880098 0.279914945 -0.965910614 0.036035758 -0.038933363 0.001114073 0.998591244
17402727611300.000000 0.006455102 0.280000567 -0.955765724 0.036964078 -0.037837021 0.000496008 0.998599946
17402759715299.998047 0.007633831 0.277437299 -0.958172977 0.037136320 -0.038851544 0.002497564 0.998551607
17402792894200.000000 0.005762098 0.274153143 -0.953624308 0.036438286 -0.038879719 0.004622766 0.998568654
17402826305899.998047 0.002696493 0.275621474 -0.940139115 0.037399620 -0.037851885 0.006727102 0.998560607
17402858674399.998047 0.005579097 0.275674999 -0.939905107 0.037567373 -0.037216373 0.008602982 0.998563766
17402891531099.998047 0.001384313 0.276018977 -0.924056590 0.038174231 -0.034104187 0.009525821 0.998643517
17402924759599.998047 0.004762103 0.255362064 -0.907230914 0.034126155 -0.032314181 0.010171410 0.998843253
17402957875500.000000 0.000585881 0.254102141 -0.898242056 0.032671988 -0.030885944 0.009447382 0.998944163
17402990634599.998047 -0.002514261 0.252840310 -0.892396927 0.030959537 -0.029029643 0.008923667 0.999059200
17403023449400.000000 -0.000056053 0.254329860 -0.886366546 0.030225199 -0.028286032 0.009557284 0.999097109
17403056660800.000000 0.003206404 0.250913203 -0.882941246 0.029052846 -0.027485570 0.011271656 0.999136388
17403089480499.998047 0.000314781 0.246491715 -0.879430592 0.029295169 -0.024407346 0.012293125 0.999197245
17403122561100.000000 -0.000186367 0.246670783 -0.873513103 0.031955749 -0.022173813 0.013651386 0.999150097
17403157136099.998047 0.001074837 0.245862693 -0.867254436 0.034544010 -0.020486027 0.014790782 0.999083757
17403188630800.000000 -0.000002960 0.240314141 -0.862687767 0.035267141 -0.018523756 0.015269672 0.999089599
17403223008600.001953 -0.000480603 0.237537071 -0.859825671 0.035710864 -0.017332472 0.014750689 0.999103010
17403254538700.000000 0.001282015 0.237853065 -0.856780887 0.036547966 -0.017515970 0.014670082 0.999070704
17403287460799.998047 0.004873258 0.235465810 -0.852276385 0.036523324 -0.018881233 0.014205158 0.999053478
17403320544400.001953 0.008519248 0.235516846 -0.847894907 0.036850601 -0.021196008 0.013705277 0.999001980
17403353488600.001953 0.005840118 0.233471423 -0.845525742 0.037077054 -0.022375809 0.012329922 0.998985827
17403386831799.998047 0.013588408 0.232680663 -0.843270659 0.038726509 -0.026964111 0.012715342 0.998805046
17403420300400.001953 0.013205479 0.231759369 -0.831865609 0.041949987 -0.029332919 0.012501002 0.998610854
17403452399000.001953 0.015623701 0.229159877 -0.824860156 0.045281854 -0.032131538 0.013726101 0.998363018
17403485751100.000000 0.016881714 0.224741757 -0.823817551 0.046931203 -0.033830233 0.015774490 0.998200476
17403518830100.001953 0.019348340 0.224600956 -0.814530849 0.048881378 -0.035287127 0.018196017 0.998015225
17403551503100.000000 0.023679748 0.221967191 -0.811819315 0.049398702 -0.036461860 0.019898247 0.997915030
17403584485600.000000 0.024202306 0.221159697 -0.804847598 0.050610077 -0.036577962 0.020586878 0.997836113
17403618060900.000000 0.028667346 0.219668582 -0.797479451 0.051312808 -0.037911709 0.021185653 0.997737885
17403650525900.000000 0.026969334 0.217422426 -0.792803466 0.050826415 -0.038209789 0.020018676 0.997775555
17403683762199.998047 0.029950209 0.219262972 -0.789663732 0.050423503 -0.040312849 0.018235862 0.997747362
17403717249599.998047 0.033593863 0.217903137 -0.789124191 0.049169023 -0.043134384 0.017281063 0.997709036
17403749506100.000000 0.035829522 0.215862736 -0.784891427 0.047937650 -0.046068009 0.015732512 0.997663379
17403782532800.000000 0.035581961 0.215731815 -0.779793262 0.047244012 -0.047733605 0.015653990 0.997619450
17403816267300.000000 0.037497822 0.213798031 -0.774817407 0.046345416 -0.048668899 0.016114764 0.997609079
17403848644400.000000 0.038265929 0.211490557 -0.768872976 0.045415793 -0.048037883 0.017321059 0.997662187
17403881787100.000000 0.037646562 0.212730616 -0.763534188 0.045070022 -0.045815006 0.017304366 0.997782707
17403915146200.000000 0.038166758 0.210226238 -0.760021150 0.044658113 -0.043528855 0.017495537 0.997900188
17403948833100.000000 0.037170414 0.207588077 -0.756125629 0.044712536 -0.041381948 0.017232113 0.997993708
17403982148899.998047 0.036719039 0.209652573 -0.750279784 0.045348257 -0.040166605 0.016522737 0.998026669
17404013625500.000000 0.034488440 0.207602218 -0.749554753 0.044564769 -0.039253823 0.015756346 0.998110652
17404046634499.998047 0.033996083 0.207044676 -0.744906485 0.044192206 -0.038710449 0.015658924 0.998149991
17404079950100.000000 0.032178029 0.203591853 -0.741736531 0.043089934 -0.037740961 0.015200268 0.998242438
17404112697600.001953 0.032171711 0.204076707 -0.735415816 0.043974783 -0.036750671 0.016101725 0.998226643
17404145987100.000000 0.030829458 0.201599613 -0.730430365 0.044177026 -0.034988217 0.016088458 0.998281240
17404178695499.998047 0.030283170 0.201052561 -0.724052072 0.044817001 -0.033416934 0.016317114 0.998302817
17404212269000.000000 0.028909447 0.198056668 -0.719216049 0.044106547 -0.031377137 0.017492792 0.998380780
17404244643200.000000 0.029933859 0.196470186 -0.714238584 0.043563504 -0.029768586 0.018238718 0.998440564
17404277671000.000000 0.026321189 0.195115596 -0.709048986 0.043527175 -0.026414534 0.019156726 0.998519301
17404310684200.001953 0.022997571 0.193787187 -0.705046058 0.043394864 -0.023450626 0.020376934 0.998574853
17404343672600.000000 0.020801814 0.192649409 -0.700954378 0.042295478 -0.020644333 0.021422474 0.998662174
17404377510200.000000 0.020372596 0.193254054 -0.694147527 0.041463800 -0.018334802 0.022453556 0.998719394
17404410267500.000000 0.019546403 0.189630955 -0.689343870 0.039713833 -0.015693206 0.023525828 0.998810828
17404442676899.998047 0.017394613 0.189078480 -0.684650660 0.039785102 -0.012156813 0.024524692 0.998833299
17404475888600.001953 0.016151063 0.189539269 -0.679371774 0.039876290 -0.008949053 0.025679803 0.998834550
17404508695199.998047 0.013865770 0.188993528 -0.673175275 0.039390981 -0.005221229 0.026660455 0.998854518
17404541655199.998047 0.010893689 0.186840639 -0.669772804 0.039733734 -0.001795375 0.028354842 0.998806298
17404574861699.998047 0.008283912 0.184775844 -0.665261090 0.040041208 0.001162884 0.031337328 0.998705804
17404608117299.998047 0.007247832 0.184768304 -0.655871451 0.040383261 0.004280644 0.033746280 0.998605072
17404641062899.998047 0.005391317 0.181788906 -0.654435873 0.039369337 0.008085285 0.035830643 0.998549402
17404673628400.000000 0.001539403 0.180680141 -0.647665381 0.038662147 0.012632675 0.037208788 0.998479486
17404707049000.000000 0.002618580 0.177976891 -0.646911204 0.037875000 0.015567498 0.038152233 0.998432636
17404739629600.000000 -0.001684661 0.177781001 -0.642345369 0.038063731 0.018532019 0.037916269 0.998383760
17404772766099.998047 -0.003353129 0.175837845 -0.640325546 0.038230110 0.019908333 0.038464639 0.998329878
17404805639100.000000 -0.005203300 0.175998136 -0.635371208 0.038334649 0.020979254 0.038767923 0.998292267
17404838708000.000000 -0.002782222 0.173720956 -0.633171380 0.037204262 0.021548627 0.039348081 0.998300195
17404871641700.000000 -0.005761721 0.171162114 -0.628543496 0.035790816 0.024073603 0.039263364 0.998297513
17404904747900.000000 -0.005967237 0.171882927 -0.621880889 0.035454862 0.025983827 0.040454827 0.998214006
17404937682299.998047 -0.005579943 0.169959977 -0.619188130 0.035373855 0.027815238 0.041371442 0.998129964
17404970673600.000000 -0.006556251 0.168538079 -0.614945889 0.036060538 0.029657196 0.042204730 0.998017550
17405003670499.998047 -0.007817358 0.169095516 -0.610570073 0.037345532 0.031432148 0.043099463 0.997877598
17405036647900.000000 -0.005576392 0.166994303 -0.604167700 0.038561031 0.033132620 0.043964263 0.997738659
17405069617700.000000 -0.003641295 0.165310413 -0.598676980 0.040269151 0.036734421 0.045396995 0.997480929
17405102621700.000000 -0.002401355 0.164526507 -0.591563284 0.042177152 0.041665573 0.046480753 0.997158289
17405135778500.000000 -0.001481668 0.163506970 -0.589561403 0.043875583 0.045965813 0.046863504 0.996878088
17405168632600.001953 0.000741251 0.160979092 -0.586286306 0.044434369 0.048621658 0.047769286 0.996684372
17405201674200.001953 0.001233431 0.159198761 -0.584409595 0.044362832 0.050059117 0.048508476 0.996580720
17405234698600.001953 0.000512702 0.158076078 -0.581739902 0.043958865 0.049942117 0.048210111 0.996618927
17405267632200.000000 0.003419461 0.156137407 -0.579454720 0.043266132 0.047994446 0.047557984 0.996776223
17405300618599.998047 0.004007407 0.156162664 -0.576745570 0.043046128 0.045713898 0.045989282 0.996966541
17405333655600.000000 0.006907892 0.154183239 -0.571244597 0.042925701 0.043204647 0.043646365 0.997188926
17405366619600.001953 0.006470976 0.154105484 -0.563815951 0.043195371 0.042729184 0.042331066 0.997254491
17405399716700.001953 0.009901358 0.154681832 -0.559563279 0.043055497 0.042084128 0.040838655 0.997350216
17405432603400.000000 0.012996081 0.154174656 -0.555147231 0.043081753 0.042166013 0.039761968 0.997389138
17405465680000.001953 0.015953552 0.152216598 -0.553119123 0.043251321 0.041990105 0.039606325 0.997395396
17405498629300.000000 0.017167643 0.150509909 -0.549155593 0.042986229 0.042001773 0.039419554 0.997413754
17405531738599.998047 0.017203856 0.149549946 -0.547218561 0.043256801 0.041609395 0.039298009 0.997423351
17405564718099.998047 0.018187998 0.149516046 -0.541701019 0.043934654 0.041018773 0.038965140 0.997431219
17405597667900.001953 0.022069260 0.147751972 -0.536126912 0.042974591 0.039536856 0.037821531 0.997576892
17405630634300.000000 0.023669839 0.145920023 -0.534719288 0.041713022 0.038466226 0.035561740 0.997755349
17405663653799.998047 0.025422253 0.145423874 -0.532391906 0.041640077 0.036685996 0.034014743 0.997879446
17405696660700.000000 0.025321385 0.144959733 -0.527527809 0.041848537 0.035232447 0.032774027 0.997964621
17405729640099.998047 0.027532250 0.143592373 -0.523119271 0.041418970 0.033565670 0.032460511 0.998050153
17405762614700.001953 0.027994808 0.143116713 -0.518229723 0.040661220 0.032521103 0.031470124 0.998147666
17405795680300.001953 0.029608315 0.141970947 -0.514880240 0.039507441 0.031513046 0.031113835 0.998237491
17405828629100.000000 0.029708430 0.143031552 -0.511655748 0.038859047 0.030780550 0.030901320 0.998292387
17405861793100.000000 0.029321129 0.141331270 -0.508647621 0.038585078 0.030297631 0.029744385 0.998352945
17405894627400.000000 0.029548449 0.137973815 -0.504951596 0.039348919 0.030322028 0.028735856 0.998351872
17405927663499.998047 0.031322509 0.136787251 -0.501408517 0.041192375 0.031298459 0.028694633 0.998248577
17405960616100.001953 0.031285256 0.136581510 -0.493856966 0.043392386 0.033538967 0.028516002 0.998087764
17405993626200.001953 0.032773897 0.134552956 -0.488634497 0.045090523 0.035219286 0.029427906 0.997928143
17406027365800.000000 0.032076884 0.133645251 -0.484683275 0.046103612 0.036924701 0.029586995 0.997815490
17406059723600.000000 0.030996207 0.134045109 -0.481804013 0.046969354 0.037605979 0.029355502 0.997756481
17406092678400.000000 0.031959571 0.128693044 -0.479982674 0.045679174 0.036909014 0.028787361 0.997858942
17406125668900.000000 0.030912125 0.129042178 -0.472364902 0.046406336 0.036828920 0.028667603 0.997831821
17406158769400.000000 0.030062107 0.128108844 -0.468334854 0.046765171 0.036753751 0.028783234 0.997814536
17406191611200.000000 0.029653739 0.126873866 -0.463234872 0.046464585 0.037367016 0.028970636 0.997800350
17406224647399.998047 0.026161436 0.125822797 -0.459989011 0.046350248 0.039282154 0.029771097 0.997708559
17406257778000.000000 0.024937231 0.124573492 -0.451555133 0.046873052 0.041077431 0.030443551 0.997591555
17406290987199.998047 0.023558572 0.123776242 -0.446689099 0.047635049 0.043321852 0.030770877 0.997450471
17406324026200.000000 0.023435060 0.122726604 -0.441893876 0.048663780 0.045396611 0.030664172 0.997311831
17406356583100.001953 0.019873088 0.119914867 -0.438724428 0.050051507 0.047819972 0.030848326 0.997124135
17406390738900.001953 0.018345177 0.117064990 -0.436340779 0.051113509 0.049108576 0.030773003 0.997009993
17406422637299.998047 0.018285885 0.116365120 -0.429042011 0.051194638 0.050154898 0.031365953 0.996935189
17406455593700.000000 0.014791619 0.116494052 -0.424445212 0.050200488 0.051976781 0.032008901 0.996872067
17406489396900.000000 0.013404328 0.115221635 -0.422306985 0.049867522 0.053273778 0.032710273 0.996797502
17406522664900.000000 0.013420440 0.114495359 -0.415458947 0.050140511 0.054705687 0.032995485 0.996696889
17406554626500.001953 0.011451968 0.113534085 -0.411650360 0.050621636 0.056846701 0.033349529 0.996540964
17406587628300.000000 0.009305060 0.112313397 -0.407329053 0.050470393 0.058898337 0.033317287 0.996430516
17406620731500.000000 0.007517843 0.109954119 -0.402929068 0.049396373 0.060740054 0.032934446 0.996386468
17406654668399.998047 0.007388376 0.108363844 -0.401749820 0.048260517 0.061742235 0.033292126 0.996368706
17406686743999.998047 0.007635032 0.106631920 -0.395877898 0.046523709 0.063086390 0.033123475 0.996372700
17406719538200.000000 0.009516249 0.108146273 -0.389079481 0.044581413 0.064034909 0.034404617 0.996357620
17406752592400.000000 0.008605259 0.107854381 -0.386545926 0.042101610 0.065442428 0.034887638 0.996357143
17406785639099.998047 0.010957313 0.104520954 -0.384575665 0.040415663 0.065339327 0.036125951 0.996389627
17406819480300.000000 0.008775231 0.101616882 -0.380487144 0.040462006 0.065353341 0.036673568 0.996366858
17406851641400.000000 0.009818877 0.099340856 -0.377369255 0.042603757 0.064077333 0.037250750 0.996339023
17406884585900.000000 0.007247311 0.098232120 -0.371142775 0.045359403 0.063929431 0.037266262 0.996226311
17406917895800.001953 0.006482625 0.097221769 -0.368408412 0.047530610 0.063630000 0.036808196 0.996161342
17406950582700.000000 0.007635677 0.095691711 -0.365310311 0.048631422 0.062563278 0.036692884 0.996179998
17406984054100.001953 0.011281594 0.094784960 -0.360767514 0.049958434 0.060095605 0.037697889 0.996228635
17407017620100.000000 0.008695901 0.092287101 -0.358355343 0.050239474 0.058498979 0.036470864 0.996355295
17407049607000.000000 0.010379990 0.093562461 -0.352529705 0.050878856 0.055657342 0.035658248 0.996515036
17407082617299.998047 0.010610615 0.093459874 -0.346680015 0.050973795 0.053556092 0.034145143 0.996678293
17407115602800.000000 0.013454108 0.089793935 -0.343579859 0.050128788 0.050806675 0.033860564 0.996874750
17407148854899.998047 0.014640739 0.089326926 -0.339552104 0.049592528 0.048976231 0.033662699 0.996999860
17407181823500.000000 0.016951591 0.089480981 -0.333245754 0.048045781 0.047583330 0.033616249 0.997144639
17407215135800.001953 0.020132059 0.088172503 -0.328936756 0.045933217 0.046482645 0.034877736 0.997252822
17407248794100.000000 0.023197792 0.087313943 -0.327179909 0.044199247 0.045989007 0.036029357 0.997313082
17407280598400.000000 0.025910795 0.085395701 -0.323323190 0.042127650 0.045510612 0.036627922 0.997402847
17407314239000.000000 0.026965376 0.085884959 -0.319046676 0.040694762 0.045382764 0.036672402 0.997466564
17407348849800.000000 0.026658049 0.086464353 -0.314382821 0.039733604 0.044901982 0.035358202 0.997574508
17407380438400.000000 0.028412493 0.083313517 -0.312493235 0.038275763 0.043219641 0.034214076 0.997745752
17407413711500.001953 0.029810524 0.081744939 -0.311417311 0.036847703 0.040630046 0.032877341 0.997953176
17407446646000.000000 0.030925427 0.079872608 -0.309536248 0.035717394 0.037504423 0.031251162 0.998168886
17407478835700.000000 0.030351689 0.079158686 -0.304282486 0.035580453 0.034334313 0.029511916 0.998340786
17407511615399.998047 0.031463094 0.079035491 -0.300546616 0.035165615 0.031000990 0.027205914 0.998530090
17407544781000.000000 0.032526765 0.079456173 -0.298260003 0.034959916 0.027914291 0.026071083 0.998658538
17407577683000.000000 0.031889230 0.078685708 -0.296454877 0.033692751 0.025542816 0.024325065 0.998809636
17407611200100.000000 0.034935001 0.077491865 -0.290016651 0.032490715 0.022365516 0.023690533 0.998940885
17407643669400.000000 0.033756223 0.078138933 -0.288580328 0.031198280 0.020180641 0.022648808 0.999052823
17407676732400.000000 0.033121698 0.074584290 -0.284012735 0.030114489 0.018421721 0.021685623 0.999141395
17407709647200.001953 0.033803649 0.073984556 -0.280991107 0.031359099 0.016539995 0.022028510 0.999128520
17407743083000.001953 0.034702599 0.070550688 -0.278504193 0.033254921 0.015199855 0.023320597 0.999059200
17407775792400.000000 0.032989509 0.067871019 -0.274860829 0.036677271 0.015061700 0.024166420 0.998921394
17407809161800.000000 0.033291068 0.067326881 -0.270777464 0.040614597 0.015147900 0.025972953 0.998722434
17407842114800.001953 0.032677099 0.065750241 -0.264834374 0.043432109 0.016009023 0.027131394 0.998559594
17407875623400.000000 0.031025432 0.065471470 -0.259862095 0.045339454 0.017485419 0.028082788 0.998423755
17407909025199.998047 0.028408214 0.065955229 -0.253680348 0.047077626 0.019470038 0.027903492 0.998311579
17407940608800.000000 0.028339216 0.063959382 -0.252253562 0.047559995 0.020296674 0.028256137 0.998262346
17407973769400.000000 0.027948052 0.062782831 -0.247617260 0.047929324 0.020787796 0.028895626 0.998216331
17408008249200.000000 0.023595499 0.061209556 -0.243922070 0.049593303 0.022311544 0.030107638 0.998066247
17408039582800.000000 0.021790648 0.061237186 -0.238875106 0.051426671 0.023893597 0.030798187 0.997915804
17408072616000.001953 0.019915253 0.057463288 -0.237372845 0.050797418 0.025380341 0.029772609 0.997942448
17408105596099.998047 0.019078154 0.056268692 -0.234132767 0.050576497 0.026628869 0.029365895 0.997933209
17408138600999.998047 0.016668247 0.056140341 -0.229794934 0.050235137 0.027566249 0.028754683 0.997942805
17408171604000.000000 0.012655750 0.055694375 -0.225973040 0.049328089 0.027870947 0.028619971 0.997983456
