17381097055000
17381128987000
17381162106600
17381196079100
17381228745500
17381263073700
17381294525600
17381327586100
17381362228000
17381393066700
17381429956200
17381460124300
17381492643600
17381526209300
17381559190300
17381592191700
17381624132200
17381657303700
17381691028100
17381723788000
17381757154500
17381790219400
17381822244600
17381855783300
17381888146400
17381921057300
17381954104800
17381987284000
17382021647100
17382053053000
17382086053000
17382118983900
17382152057500
17382185117200
17382219097700
17382251169700
17382284069900
17382317051600
17382350075100
17382383101400
17382417081700
17382449002800
17382481988000
17382515150200
17382548139100
17382581060300
17382615120500
17382647081900
17382680067700
17382713003100
17382746097200
17382779039900
17382812658400
17382845057500
17382878011600
17382911082900
17382944092000
17382977056200
17383010625800
17383043287400
17383076621700
17383108965700
17383142069800
17383175404300
17383208458000
17383241928300
17383274080700
17383307337900
17383340078200
17383373044400
17383406099000
17383438984400
17383472092200
17383505101600
17383538078900
17383571192000
17383604138900
17383637029700
17383670017400
17383703047300
17383736044600
17383769116800
17383802057600
17383835031700
17383868245000
17383901026600
17383933994700
17383967007100
17384000081600
17384033220400
17384066094200
17384099034200
17384132050400
17384165043500
17384198135500
17384231141400
17384264022000
17384297071000
17384330147900
17384363033300
17384397571100
17384429097400
17384463426300
17384494924000
17384528009600
17384562288200
17384594273700
17384627032700
17384660202400
17384692925100
17384727221000
17384759767900
17384792492100
17384825811500
17384858938300
17384891732800
17384928915700
17384957887200
17384990075800
17385023261300
17385056294900
17385089345800
17385122666800
17385155790300
17385188327300
17385223055200
17385254759000
17385287711900
17385319994800
17385354152200
17385386389700
17385419553900
17385452107900
17385485062400
17385518024100
17385551041200
17385584051000
17385617678900
17385650145900
17385683077600
17385716104300
17385749025500
17385782022000
17385816075000
17385847989700
17385881152000
17385914026200
17385947053300
17385980050400
17386013755300
17386046014200
17386078909900
17386112049600
17386144996000
17386178114600
17386211583000
17386243984000
17386277016400
17386310031900
17386343051400
17386376025200
17386409425300
17386441972400
17386475300600
17386522813000
17386550908500
17386580027400
17386609722700
17386641267600
17386674728300
17386707345100
17386740297900
17386773345900
17386806924200
17386839364500
17386872352500
17386905538000
17386938456200
17386971430500
17387004356700
17387037905500
17387070429100
17387103373400
17387136343600
17387169258300
17387202416400
17387235319000
17387268342300
17387301363900
17387334343900
17387367373700
17387400415600
17387433487400
17387466320400
17387499360000
17387532350500
17387565292800
17387598349700
17387631412600
17387667172200
17387697548000
17387730365500
17387763252300
17387796650700
17387829356500
17387862350400
17387895359700
17387928333200
17387961374700
17387994617800
17388027567100
17388060348100
17388093348900
17388126344400
17388159614600
17388193019100
17388228108600
17388258820200
17388292179300
17388325917600
17388358162900
17388391536000
17388423827000
17388457596300
17388490042900
17388522516900
17388555496500
17388589056100
17388623687300
17388654645200
17388688265600
17388720595700
17388753590500
17388786312000
17388823826600
17388852242400
17388885483000
17388918183500
17388951076300
17388984140000
17389017724300
17389050011900
17389083130800
17389116042700
17389149076400
17389182055100
17389216164700
17389248091700
17389281078900
17389314198100
17389347134600
17389380050800
17389413705900
17389446345600
17389478999400
17389512081000
17389545066000
17389578083300
17389611591400
17389643901700
17389677236200
17389710050100
17389743084500
17389776086300
17389809470800
17389842382900
17389875750400
17389908842100
17389941089200
17389973987000
17390007189300
17390041119500
17390072962400
17390105905800
17390138922400
17390171912800
17390204926900
17390238024500
17390270913200
17390303919800
17390336920100
17390369923200
17390402922800
17390435900800
17390468907600
17390501971400
17390534918900
17390567812800
17390600916700
17390633931600
17390666811600
17390699781500
17390732923600
17390765913500
17390798907100
17390831943900
17390864892800
17390898798100
17390931000100
17390963905200
17390997049500
17391029976100
17391062996700
17391096024600
17391128988800
17391161913500
17391194965500
17391227964700
17391261134700
17391293911000
17391326893500
17391359940500
17391392929700
17391425982200
17391458920100
17391492263100
17391525334600
17391557978800
17391591033600
17391623999200
17391657537300
17391690073100
17391722961200
17391758126200
17391789203300
17391822770100
17391854882100
17391888073600
17391920944200
17391953919700
17391986956300
17392023292800
17392052951400
17392086033900
17392118764000
17392151920200
17392184890600
17392218561400
17392250947500
17392284028100
17392316925800
17392350050100
17392382970500
17392417192100
17392448720200
17392481831300
17392514899900
17392547842800
17392580794300
17392614512300
17392646920100
17392679881700
17392712799700
17392745822300
17392778781400
17392812235200
17392844824700
17392877822700
17392910844300
17392943810800
17392976863200
17393010356000
17393042784100
17393075909800
17393108632600
17393141834000
17393174901700
17393207957300
17393240879500
17393273927800
17393306831400
17393339939100
17393372799300
17393405883000
17393438709600
17393471969600
17393504726500
17393537773300
17393570805200
17393604140600
17393636818100
17393669775300
17393702851100
17393735779800
17393768836000
17393801772400
17393834806100
17393867816900
17393900788900
17393933792300
17393966921100
17394000133300
17394032766600
17394065881400
17394098858900
17394131693900
17394164748000
17394197782900
17394230826600
17394263682800
17394296777200
17394329939200
17394363287200
17394395748400
17394429340600
17394461858600
17394494807100
17394527781500
17394560634000
17394593796600
17394626828300
17394659583200
17394692723700
17394725661200
17394758794000
17394792001800
17394824741400
17394858397300
17394891536800
17394923773300
17394956422000
17394989635300
17395022770600
17395055795900
17395088735300
17395122928100
17395154831400
17395187881400
17395221595400
17395254263800
17395286828200
17395320078200
17395353239000
17395385502100
17395419705100
17395451808900
17395484753600
17395518419600
17395550959900
17395583779700
17395617626800
17395649706800
17395682434900
17395715651600
17395748736200
17395781704600
17395815674300
17395847805100
17395880778200
17395913757200
17395946767900
17395979287200
17396013301100
17396045714200
17396078649000
17396111730100
17396144712300
17396177760500
17396211116300
17396244114800
17396276905100
17396309756000
17396342734400
17396375744000
17396409011300
17396441933000
17396474699500
17396532073800
17396563332000
17396597767400
17396626232700
17396655182300
17396683461000
17396718368400
17396749152300
17396782382400
17396816377600
17396848500300
17396881405500
17396914375600
17396947439500
17396980466000
17397014012000
17397046317700
17397079800000
17397112377700
17397145456000
17397178387900
17397211958400
17397244340600
17397277585500
17397310368800
17397343207100
17397376347400
17397409816200
17397442366200
17397475386900
17397508430500
17397541463700
17397574383500
17397607428500
17397640362100
17397673348000
17397706397800
17397739473000
17397773114400
17397805424800
17397838319500
17397871355400
17397905148400
17397937376500
17397970466100
17398003379800
17398036342500
17398069327300
17398102353200
17398135353700
17398168368000
17398201379300
17398234347000
17398267379300
17398300360600
17398333425000
17398366364800
17398399364100
17398432353500
17398465428200
17398498424600
17398531344700
17398564350800
17398597381000
17398630221800
17398663352000
17398696378500
17398729366200
17398762365100
17398795394600
17398828610100
17398861380500
17398894380400
17398927338500
17398960368300
17398993423800
17399026349300
17399059246400
17399092343400
17399125435900
17399158481900
17399191407000
17399224500000
17399257395100
17399290370600
17399323409300
17399356426100
17399389459900
17399422346000
17399455475200
17399488383300
17399521318600
17399554345200
17399587419200
17399623341600
17399653382600
17399686352300
17399719371100
17399752228600
17399785403500
17399819077000
17399851395600
17399884598900
17399917376200
17399950361400
17400002391200
17400030548200
17400060176200
17400089096300
17400118926500
17400152236900
17400185052700
17400224259800
17400251245800
17400284182800
17400318304700
17400350204300
17400383275400
17400416133300
17400449115500
17400482202100
17400515021800
17400548135800
17400581197300
17400614936700
17400647130600
17400680112900
17400712929600
17400746514300
17400779150100
17400812937800
17400845081100
17400878520700
17400911208200
17400944172900
17400977317300
17401010722900
17401043122000
17401076341500
17401108984200
17401142178400
17401175295200
17401208243500
17401241111600
17401274145400
17401307626700
17401340113300
17401373187900
17401406170300
17401439091100
17401472090800
17401505214800
17401538104200
17401571137800
17401604278100
17401637140800
17401670139400
17401703230400
17401736157400
17401769064000
17401802095300
17401835215400
17401868161300
17401901257800
17401934135900
17401967249100
17402000217600
17402033204800
17402066201500
17402099123900
17402132210500
17402165233100
17402198263300
17402231385700
17402264292800
17402297432000
17402330405000
17402363472600
17402396420600
17402429525500
17402462564800
17402495505700
17402528494300
17402561529400
17402594715800
17402628352100
17402660496400
17402693476900
17402727611300
17402759715300
17402792894200
17402826305900
17402858674400
17402891531100
17402924759600
17402957875500
17402990634600
17403023449400
17403056660800
17403089480500
17403122561100
17403157136100
17403188630800
17403223008600
17403254538700
17403287460800
17403320544400
17403353488600
17403386831800
17403420300400
17403452399000
17403485751100
17403518830100
17403551503100
17403584485600
17403618060900
17403650525900
17403683762200
17403717249600
17403749506100
17403782532800
17403816267300
17403848644400
17403881787100
17403915146200
17403948833100
17403982148900
17404013625500
17404046634500
17404079950100
17404112697600
17404145987100
17404178695500
17404212269000
17404244643200
17404277671000
17404310684200
17404343672600
17404377510200
17404410267500
17404442676900
17404475888600
17404508695200
17404541655200
17404574861700
17404608117300
17404641062900
17404673628400
17404707049000
17404739629600
17404772766100
17404805639100
17404838708000
17404871641700
17404904747900
17404937682300
17404970673600
17405003670500
17405036647900
17405069617700
17405102621700
17405135778500
17405168632600
17405201674200
17405234698600
17405267632200
17405300618600
17405333655600
17405366619600
17405399716700
17405432603400
17405465680000
17405498629300
17405531738600
17405564718100
17405597667900
17405630634300
17405663653800
17405696660700
17405729640100
17405762614700
17405795680300
17405828629100
17405861793100
17405894627400
17405927663500
17405960616100
17405993626200
17406027365800
17406059723600
17406092678400
17406125668900
17406158769400
17406191611200
17406224647400
17406257778000
17406290987200
17406324026200
17406356583100
17406390738900
17406422637300
17406455593700
17406489396900
17406522664900
17406554626500
17406587628300
17406620731500
17406654668400
17406686744000
17406719538200
17406752592400
17406785639100
17406819480300
17406851641400
17406884585900
17406917895800
17406950582700
17406984054100
17407017620100
17407049607000
17407082617300
17407115602800
17407148854900
17407181823500
17407215135800
17407248794100
17407280598400
17407314239000
17407348849800
17407380438400
17407413711500
17407446646000
17407478835700
17407511615400
17407544781000
17407577683000
17407611200100
17407643669400
17407676732400
17407709647200
17407743083000
17407775792400
17407809161800
17407842114800
17407875623400
17407909025200
17407940608800
17407973769400
17408008249200
17408039582800
17408072616000
17408105596100
17408138601000
17408171604000
