x y z
0.19890727673109554 0.59660665623142 0.25051195415994665
0.19771900243338428 0.5971158269412075 0.24952994035752313
0.19609988830841274 0.5973276600757341 0.24903771001759423
0.1954159931092463 0.5974103171127115 0.2504430841926455
0.19189341748107286 0.5990744232846434 0.2516661658240005
0.1926581755592094 0.5986675187634354 0.24896482795024155
0.19170445463761807 0.5984763492040557 0.24993032164611337
0.19069850396631813 0.5974574894370752 0.2487684690855952
0.1902801166239206 0.5984063604069573 0.24675850426211648
0.18552207205196708 0.5982704394673539 0.24955846599068846
0.18652724404267268 0.5990671906285707 0.24286544638645038
0.18265907957915478 0.5977315591135441 0.2455067873536865
0.18222287794613629 0.59752170951325 0.2406832972262442
0.17835927830966292 0.5963334499945445 0.2415919527959203
0.17824053875170845 0.5982524903107794 0.23787429249296135
0.174043731638599 0.598331390502891 0.23862414397301027
0.1728149773754153 0.5981248094269673 0.23735224643144864
0.1681808301149483 0.6007845811648224 0.2390981743905637
0.16468225014754317 0.6002072427003327 0.23899372472558167
0.16020298582408862 0.6011953322393011 0.23821449173932482
0.16082944975164962 0.6014422354962085 0.23125243279584498
0.1549414751103382 0.5997768854555112 0.23566276344502138
0.15508030943011167 0.6020442154134285 0.2350045596135476
0.14918468657819656 0.603883580213109 0.2339540617115523
0.1451611079993115 0.603735894189937 0.23742124005641993
0.1400525322967005 0.6026766150445853 0.23712817779525283
0.1340105941367739 0.5995817729569092 0.23841757816708298
0.13133758425266043 0.6036865070497217 0.2380885428301629
0.12819019482844063 0.6045187730107784 0.2348732168525785
0.11897143972380027 0.6060500761656873 0.2420770547557286
0.11130728986389592 0.6021822464895735 0.24480533511668964
0.10217506457087566 0.6021271437873358 0.253008741637345
0.10098714326632006 0.5967784949246139 0.24463821079491221
0.09704974595159227 0.5969404003686293 0.24674077158222862
0.0895759201828918 0.5951643641688129 0.24927019034628506
0.07418348476189716 0.5980719295764192 0.26438988346183084
0.061889941541226984 0.6017019538094123 0.27460816655663645
0.05236308783795807 0.5990178110866788 0.27598184792848074
0.0375337130144969 0.6018353716062426 0.28452526439470976
0.03420605463081419 0.6035712417516824 0.2928592766321403
0.02255750268776821 0.5986539634669495 0.2926704547807587
0.017496219702016202 0.5993258898675323 0.294999469856704
0.004776065322311451 0.6020837630597079 0.29949357219374395
-0.0019950767978417494 0.6015042657948989 0.30209327175181644
-0.014475576062164208 0.6025048483547679 0.31072317109328
-0.0174984665492893 0.5960881870781074 0.31083988743885194
-0.03628734634826905 0.6042539064275034 0.32302642542662474
-0.04458803760817548 0.6063328403116564 0.3226963893702456
-0.054898708450805245 0.6046622694254334 0.3308212351977122
-0.05729115710462224 0.5986782891196011 0.32829185105514447
-0.07300882107350742 0.6099264964315576 0.32529209817665317
-0.0768995290999604 0.6065162165904113 0.32083304472281615
-0.08872694244668117 0.60473251369848 0.32571607294969346
-0.09679614762509642 0.6092862700848976 0.32191629615120887
-0.10150646469277397 0.6068283126479673 0.3288272449153352
-0.10593735233835033 0.6029593477039812 0.32205089658935615
-0.1178128114992526 0.6059986631618857 0.32820297649185315
-0.12590885320171702 0.6065301565578468 0.32582721150631555
-0.13748160660151776 0.6031135590798693 0.32970154299251486
-0.1463115542849182 0.609938170622579 0.3264816494183607
-0.13719050621900414 0.6037264785079057 0.3084756775805792
-0.1622627202090962 0.6023980087886952 0.32698618296661985
-0.1721600455788168 0.6062099361191253 0.3219705977277021
-0.1835822040391058 0.6030288765140377 0.3216731641180205
-0.17803660693139 0.6047026239763071 0.3076854916268107
-0.1939999481518555 0.6014689085962432 0.31499637391971147
-0.19705793320742487 0.6072762919271445 0.29440007939761803
-0.20445030518605584 0.6107726314704363 0.30057534986812273
-0.2095700466331657 0.6139008592245834 0.29108423667064787
-0.21674622687785972 0.6168031173885927 0.29416478737127744
-0.2289251658608213 0.6179378224220955 0.29107687024020296
-0.2298569720231758 0.6185988566804512 0.28814896428045
-0.2398391999102128 0.6186342767466445 0.2875790996392746
-0.2509735030413116 0.6161848954076851 0.28768348288624285
-0.26130757647191233 0.6099114504818108 0.2889784104168797
-0.2625706786838787 0.6075851555862309 0.2804751570823343
-0.2851745656530349 0.6190360450652574 0.27421259244966245
-0.28316126768196065 0.6129023462264284 0.2870337890089185
-0.2822580525148616 0.6035154081276732 0.2551238342241373
-0.29159251136050707 0.6031099805402658 0.25692491383788946
-0.30073231644426285 0.6007291664701938 0.25957194280036283
-0.31383683815800334 0.6042574887002349 0.26451299593915134
-0.32014733469102763 0.6006515570323357 0.2641988700517004
-0.3357333928121251 0.6000308889894891 0.27049778204410363
-0.34684633278388044 0.6003430310297303 0.27559263606930856
-0.3556146148576955 0.5972002491224379 0.2781355625923662
-0.36659848987562915 0.6008285594218044 0.28109764548769905
-0.3787062858937176 0.6006941847912911 0.28595754495145187
-0.39085212114562606 0.5992470313218216 0.2908020151705069
-0.40179763542482483 0.5960053225444131 0.29258412519607646
-0.42032066094411635 0.5964544453943491 0.29928297921796465
-0.43493033548634896 0.5982024280157554 0.30616288057328556
-0.4498166300950973 0.598875613281173 0.31451076050167703
-0.46092009010764823 0.5970970532641864 0.3176052507117758
-0.47221980987690493 0.5980870330399874 0.32022729700222297
-0.4840710939946885 0.6002099698731111 0.32679549256692775
-0.49640302616032017 0.6010862877514053 0.3309089842173223
-0.506609322975431 0.6012708565056291 0.3320068550541408
-0.5099064152783944 0.5988898366641296 0.32453580538050214
-0.5172464766151567 0.598074018236658 0.32250827439120144
-0.5304120958610066 0.5978357709925748 0.32453222118018754
-0.5386068586865936 0.5971684995215897 0.3243926917971448
-0.5490303431150674 0.5987382195017379 0.32448217074932156
-0.5593277712290097 0.5985805925852238 0.3237758563592669
-0.5676317367161468 0.5977693028161775 0.3222019412000956
-0.5785375856603923 0.5975031156692127 0.32138144800740504
-0.5881292259722873 0.597847654816728 0.3215864120296687
-0.5994350216930646 0.600664235256624 0.3178212990197087
-0.6084114481675946 0.5958343222357241 0.31557300148950634
-0.6177048916192155 0.5976763343583715 0.3169032785438288
-0.6275197395082657 0.5965664328626384 0.3124887962794691
-0.6399829205406612 0.5938547654096593 0.30721960112034097
-0.6510749712498146 0.596550365659548 0.30224770245347443
-0.6643393882772731 0.5956455804314301 0.2991492319304483
-0.6675131101554157 0.5933020534733938 0.29084465612719457
-0.6807094478972368 0.5902358064886225 0.287255966302519
-0.6946406426320377 0.5905422471764978 0.28404796589316716
-0.7038247735386176 0.59261188586946 0.282197981659539
-0.7166777793412608 0.5930715703386371 0.2827741904152833
-0.7280816494541964 0.5958084833041871 0.2709250282573438
-0.7370302655249787 0.5960747766187808 0.2691179067362241
-0.7440193630870852 0.5968128087270057 0.2673064421156483
-0.7512758599736351 0.5946054887811245 0.26452675244431717
-0.7586769072992968 0.5964236511218832 0.2624639383538926
-0.7662652386655839 0.5970721121663342 0.2608874467265826
-0.7743908981762863 0.5975251960835978 0.2626539410979901
-0.7810774219600807 0.5981393777996543 0.2616438909320281
-0.7875577624103559 0.5979574744041951 0.2609824496498383
-0.7969348196973415 0.5986575298284187 0.2594403160133278
-0.8057624672300774 0.5997519274593897 0.257548627668196
-0.8117268736442116 0.5990451425426387 0.2562683087729452
-0.8209144889292244 0.5990229078952707 0.25747828004202733
-0.8260364845292398 0.5997449417429918 0.257094852281177
-0.8368210553032538 0.6006943582316152 0.2521708859662388
-0.8483163983718192 0.6052757765329418 0.25240151506478015
-0.8528380732219585 0.6046472154430272 0.25447145780891633
-0.8574736324828607 0.6014964710108734 0.2546615748648107
-0.8680150975973882 0.6020454787068109 0.25591852579967883
-0.8746609447155516 0.5989935514746983 0.25941226712338633
-0.8812430175275985 0.6022268569501492 0.26042671249581495
-0.8847487837854957 0.6011253350553374 0.2650932974073162
-0.8986185464759093 0.6012061687195437 0.26364807598887086
-0.9036673898892644 0.5981839441298441 0.2672957668439705
-0.9123462460375651 0.5970672251603516 0.26965601023694175
-0.9226232544292654 0.5957040624198132 0.27407282805696714
-0.9268218083098549 0.597746188001921 0.27933115357796073
-0.9343361849990397 0.596668751632316 0.2808899953233687
-0.9440183969301874 0.5934145035061351 0.27849398357268507
-0.9569797051477009 0.5968236940554358 0.2847751801206873
-0.9617773268859313 0.5929486406159481 0.28479849137147184
-0.9707654359693512 0.5964560383118908 0.2859453301512772
-0.9772724914101696 0.5967913248116106 0.2862144671393923
-0.989294681409105 0.6016074922782549 0.28883377982526737
-0.9947883568967126 0.6011412868181022 0.29194879917964156
-1.0027304228313743 0.5999784872033312 0.2928771643527389
-1.008705525738149 0.596800382697855 0.3007831823943462
-1.018370548676982 0.60035238024303 0.2952638796936307
-1.0250706752568113 0.6024600737586083 0.2843443055673781
-1.0327146896175914 0.601192513687257 0.28452391806629157
-1.0423629589292842 0.5989491122755499 0.28415831033674277
-1.0448306650417916 0.6003249276667075 0.2834740214824983
-1.0482902118293453 0.5971764183396208 0.2813891343076415
-1.0534959634101781 0.5996579333436115 0.2860719341016837
-1.0548891760501424 0.6060172318228385 0.28404373832402796
-1.070492589259919 0.598977747441687 0.2760597265491533
-1.0784923230298593 0.5997776097373155 0.27355054574926846
-1.0825811795364282 0.5988139744872186 0.2704133087602578
-1.0876972800281874 0.5977062197255378 0.26525124650286513
-1.094016328876387 0.5972730263236997 0.2634015630873312
-1.1006077780044257 0.5969267060851317 0.26147718696647837
-1.10798990861641 0.5961094061902847 0.2575897839576718
-1.1134401551830457 0.5955815270967482 0.2547843761041148
-1.1173788976707875 0.5941529784659362 0.24902337338947497
-1.1256379594977297 0.593344786021366 0.2430168546101005
-1.1304876710892537 0.5961545021797282 0.24309776175168357
-1.1361084406623543 0.5955212334971273 0.24257569797840237
-1.1383498527004146 0.5957673814340657 0.23756901308714257
-1.1492581660999333 0.594888380743859 0.23545601483019277
-1.1589212173373822 0.5945360886189424 0.23229341010515853
-1.161268108600832 0.5940263606702259 0.23171588130321988
-1.1687558316061906 0.5967642493134967 0.23198133405723562
-1.176250622913021 0.5987549876985423 0.23181804854995217
-1.180367336587756 0.5984499107387937 0.234126762043383
-1.1912222993630623 0.5962107876338835 0.2321810075934156
-1.1974522444771685 0.5960458564966565 0.22925971622662633
-1.206736439575927 0.5976095515509781 0.23338008752301395
-1.2175111046273608 0.6026600352795041 0.23450540754472748
-1.2292945389789796 0.607848245096063 0.23369901077544147
-1.2346562082626769 0.6046059537937307 0.23492592626584563
-1.2381673340623796 0.6029541116061691 0.2404260742590969
-1.2446605285049253 0.599814959751006 0.24121348025949343
-1.2552231019931226 0.6014042338348785 0.24442309548679325
-1.2644815139789782 0.6026885928389888 0.24925566963071935
-1.2662279292458243 0.5990651860352542 0.2509849333756888
-1.2746100551781858 0.5996615495060048 0.2490717480103913
-1.2876092170232134 0.5991790297873694 0.25840554676628813
-1.2955156695495484 0.5981383433397085 0.2585084321701311
-1.2999068205124722 0.5973477069100743 0.2667096178767365
-1.3068307372616979 0.5996443665260235 0.26601425230472253
-1.3133419183685897 0.6070935440309745 0.2703666696250667
-1.319387456222583 0.5987495915838889 0.2727502959609849
-1.3315004333298224 0.6012558890281032 0.2776510607256139
-1.3346315481718154 0.5967930506372813 0.2822593313670519
-1.3347663219304549 0.6044956818925639 0.28274569262542226
-1.34566430426306 0.6007604078952744 0.2849623508351459
-1.3481406272302745 0.6098507539378031 0.28543179757609216
-1.355278487002792 0.6105633358918422 0.28555967056686526
-1.370118747996385 0.6101110092370748 0.2850667860185213
-1.3732052561661965 0.6085620706255555 0.28811056201209106
-1.3833763257406733 0.6079423650083917 0.2907848878250171
-1.3874329769263172 0.608357950691939 0.2895964099117041
-1.3922661630280515 0.6083021567573048 0.2893482963367924
-1.3981950700869719 0.6036499714874983 0.2909707166413579
-1.4049657025908735 0.611718310378056 0.2861001381826477
-1.4154397980909244 0.6042824371223527 0.2850971385955213
-1.4164668616075582 0.6154071866792141 0.2891015431887553
-1.4277084641158095 0.6019540651965523 0.2749151752596861
-1.4276204955110974 0.6032460427857063 0.2731645966725401
-1.4354311338148473 0.5944644011145118 0.26467514275464116
-1.444365466077328 0.6064145272144701 0.2682548544838273
-1.4547500723857605 0.6023062531784815 0.2540008945890904
-1.461044090014435 0.6025913245431374 0.2513215372639282
-1.466669101586781 0.6029841358605608 0.24728099376003368
-1.4714279915789992 0.5995539536588416 0.2452930045494643
-1.477477150937616 0.6010391095577862 0.2414091314945779
-1.4853681570405197 0.5993050868371315 0.23961036878208278
-1.4897101044224075 0.6011709484642657 0.23410712271024608
-1.4979050897844275 0.6015695656401623 0.22845954382631062
-1.5045063530130616 0.6020231639767012 0.22751801783095799
-1.5113780328454622 0.6027192063834647 0.226872153266232
-1.5152772037896625 0.602397198550562 0.22212156751718032
-1.521853501012976 0.603394071053268 0.22478430056183718
-1.528681512410684 0.6046292014888215 0.21999872310786306
-1.533441747588626 0.6041310675144969 0.22261086669588187
-1.540269492340952 0.6055368967020469 0.21993851357176408
-1.546723849960267 0.6054031735539884 0.21704306436872323
-1.5526752657234881 0.6035762423779586 0.2198192952606664
-1.5591233917647829 0.6034159321302441 0.2134317331236207
-1.5652210449321466 0.6045537716029256 0.2163057892482184
-1.572774106713256 0.6052372482532327 0.21856488439234753
-1.574982969756863 0.6036370817062046 0.2186081519152935
-1.5829345812148194 0.603582112649673 0.21798501642350643
-1.5878928083504187 0.6090396339092402 0.22264184498316295
-1.5942253251337941 0.608197574369743 0.2216734134409352
-1.6013924357578513 0.6063269935812956 0.22572530258099685
-1.6077251464137368 0.6091636629849946 0.22417489840832522
-1.613733596159587 0.6035558108900707 0.23019604614521494
-1.6231282893312073 0.6059454846172083 0.23540923232576852
-1.629990070378837 0.6051473859811208 0.23230923843689574
-1.635067663209125 0.6019912682701647 0.23725580922131653
-1.643605739147087 0.6026725808032668 0.2386437673737121
-1.6525079514763328 0.6020415896037422 0.23934394378261722
-1.6556858080404064 0.5995177317095971 0.24254273833077095
-1.6694338410048724 0.6039823248289415 0.24763946663767253
-1.676463360225324 0.6017554987354211 0.2502512654100704
-1.6787962444738638 0.6034086025412119 0.24868906888425454
-1.6854460461198155 0.6031815225391592 0.25167825551810613
-1.693169652661355 0.6055908673084927 0.2557250304092471
-1.6985258423337004 0.604476436457293 0.258804339130286
-1.702895542744633 0.6015125048597805 0.2572772675659989
-1.7124357620318142 0.6024012555431455 0.25866588357539033
-1.7160422906249029 0.5988020485775002 0.2570772261274694
-1.7276973396473736 0.5961868393283657 0.260543390443806
-1.730446025800309 0.599529896196523 0.25499070386940986
-1.7307921027476882 0.5952930940689809 0.25509116261976506
-1.7346207370897726 0.5951389502086983 0.2531876850045795
-1.7390919136057477 0.593895245292888 0.2556909244917749
-1.741926498511689 0.5999697820516688 0.2564136281702661
-1.7453911221028786 0.6005434126521169 0.25241230755880745
-1.7538246778710782 0.598276832733826 0.25217531399748727
-1.7606403250010438 0.5992324703898786 0.24711520244353072
-1.7668890225800078 0.5991180523146936 0.24049935280654453
-1.773275163390905 0.5928817941506498 0.2399148935037715
-1.775768578034182 0.5958299289754004 0.22858189283167415
-1.780964148471935 0.5983319178583666 0.22443371203060733
-1.7924662101024549 0.5986183226697412 0.215289345804562
-1.7942067856878983 0.6078257741010823 0.20752325871669358
-1.798651633636507 0.6003776304248278 0.20795921743664855
-1.805451111939247 0.5956193952423227 0.1976392065911178
-1.8094557104708815 0.5973211526930361 0.19520560411986837
-1.821202112100543 0.599719855788211 0.1964107452833734
-1.8209167730976992 0.5966554586895234 0.1865172523935444
-1.830564512539421 0.596220631895239 0.18632709888565385
-1.8402372284240651 0.5983143857295357 0.17520883622433697
-1.8459093754316855 0.5971624331328701 0.18043746247173242
-1.8533373060182297 0.6033090405530822 0.17063449643638917
-1.8566341121644463 0.6024777291668232 0.17197111804955428
-1.8572894987662245 0.5947316048018468 0.16476695389504797
-1.8660189987936309 0.5930275516199215 0.16710078647504006
-1.8690191754659282 0.5933350467408928 0.16167628568453915
-1.8775662500024835 0.5925268328630688 0.16243586263472976
-1.8895577990776702 0.5971759850020514 0.16352748555269098
-1.8897106118919509 0.6067664591201364 0.15154412526199634
-1.8963717072453696 0.6085739366645782 0.15108633357482204
-1.901981091495228 0.6099979726559973 0.1514217939667962
-1.9082373162139339 0.6106105276261591 0.15197655117256104
-1.9147687649628193 0.6106772810946658 0.15693962989698385
-1.921701412154457 0.6114347903696148 0.15789289434697168
-1.9290206911476266 0.611884400246087 0.15907798664879744
-1.9365057631399445 0.6115382578196394 0.15949680513218883
-1.9412603561240545 0.6118208488703026 0.16239501022757336
-1.9487990418397865 0.6118545339095122 0.16497586280699722
-1.9581569172465847 0.6085909722615442 0.16698154034185791
-1.9673122289929457 0.6103293943585746 0.17040773165851353
-1.9753216446535067 0.6078068440198263 0.17079095242138354
-1.9845073581072268 0.6083328200687909 0.17448055621788527
-1.9898470832616257 0.6076301616409379 0.1792145959875101
-2.000543201112891 0.6093034108816034 0.178375361726715
-2.0108407460101243 0.6088608621011942 0.18048593223916515
-2.0188358938572755 0.6091064340788355 0.18471156699196795
-2.028518537829374 0.6071231079200478 0.18714865797427122
-2.0353026399303733 0.603514077563915 0.18294239818937008
-2.0428002393405555 0.6032337471448647 0.1852398483710854
-2.0542293676710672 0.6006821554687175 0.18467640426218754
-2.060945562380769 0.6045259963428063 0.1857158351276273
-2.068541096083545 0.6036705668926503 0.18865917347432115
-2.075569928174148 0.6084760303064084 0.19454403324568317
-2.082941338222931 0.6065957244639093 0.19431632845438526
-2.0872801347955448 0.5981082612617121 0.19263741288791028
-2.0979320789691642 0.6014434316815089 0.19021459079475
-2.1039238359089563 0.6003094896519154 0.1937669473911892
-2.1097026465486337 0.602882486732905 0.19369784121005199
-2.1160037222998955 0.6114333197592201 0.19037038666489847
-2.1197788411334653 0.6115933032959119 0.1900971090189345
-2.1302933310759036 0.6062650548774328 0.1804346603495412
-2.134116385945266 0.609727464852913 0.18083944493608206
-2.14642842594077 0.6040397806360024 0.181059517668688
-2.1520230518626633 0.6029640902248116 0.1768927428406067
-2.161388345910558 0.6014474360247425 0.1714743558601159
-2.1639175514818128 0.6011348813191334 0.16338305116692095
-2.1689050357067314 0.5950558204452471 0.15764826770841006
-2.1743717438352625 0.6026016263120537 0.15134813293831767
-2.181236359627348 0.5961037391393539 0.1502072867452729
-2.1926928278165505 0.5967185262381972 0.14839721392470867
-2.1953142646155364 0.5935878680262229 0.14223119119152758
-2.2054012448657554 0.5974231223774465 0.13755298445884723
-2.2090397979559873 0.5986685332329016 0.1321548459025595
-2.2176130374224248 0.6001375610368133 0.12765152901745594
-2.225773247619215 0.5956477570310823 0.13403923462140876
-2.2339455897001192 0.5962192821588601 0.13495795433254942
-2.2416665178059705 0.5970859330208809 0.1325059504900101
-2.2488652713652484 0.594377142055416 0.1283976083860172
-2.254296488622663 0.5966205107217941 0.12891047810018846
-2.259875443216295 0.5982875711673088 0.11932048769036943
-2.2662612417867045 0.596794056136812 0.11819507549713767
-2.2775010007186944 0.5986347118112019 0.11658826551947146
-2.28261484313847 0.5951299364195046 0.11799886266815593
-2.289155614817233 0.5985410983461825 0.11865153085287278
-2.2912123264892506 0.6017237124177387 0.12077087228630357
-2.298377350987278 0.6062555711653584 0.12147756193146103
-2.301291821008533 0.6058978628801204 0.11962489669248758
-2.3099455415245687 0.6032437874751507 0.12404604677966155
-2.314067763190021 0.6052359103792637 0.12634195695687866
-2.314407541421936 0.601667668956008 0.12759672190317767
-2.329741434551522 0.6046601683088977 0.12943146911650938
-2.331690471299097 0.6003416710483505 0.12696916710885442
-2.3444263527433025 0.6022474696304773 0.1273278716993931
-2.3521009012459175 0.5989869134077374 0.1298798620787064
-2.3590847289269488 0.5970007829960993 0.12648465533751385
-2.3696205838975173 0.5977950644967182 0.12793299854371262
-2.378996485025847 0.5919253254156405 0.14585345212493556
-2.391535405763808 0.5908734474213568 0.14877028362610972
-2.399290547104948 0.5944453371170189 0.14891383671043448
-2.401672904403617 0.5911497659197006 0.1507778505577288
-2.4131579797236817 0.5933940616506118 0.1487441276517381
-2.418014311100965 0.5848809766817591 0.15870116490463082
-2.4278996763150875 0.5925381918967872 0.15490249900563025
-2.426854488965114 0.5888860366189589 0.15640455798315023
-2.4356975763417856 0.591527203975667 0.1554741907939024
-2.445506008051959 0.5896555227442329 0.15819492556937703
-2.446785808323632 0.5932049199649013 0.1540165946619997
-2.453882357631407 0.5978534374062735 0.14575846044454216
-2.4617102737411405 0.5983950112304546 0.14890851998454038
-2.464626755458599 0.5929207628084272 0.1536161520909696
-2.4664994228817676 0.5970379842550148 0.15194757416659943
-2.4708235695749323 0.5918514108618436 0.13831998054690192
-2.475604742717639 0.5919833770815915 0.13604390856705428
-2.4786867685795935 0.5922774609678527 0.13297391395783126
-2.482990178318592 0.5938167944593395 0.12916733033758193
-2.4855035184523384 0.5954207302060638 0.1242192296164655
-2.4873061419520734 0.5912753624084301 0.12057027615489288
-2.4910729971514693 0.5933035245831096 0.11617480556369211
-2.4942436163649817 0.5912112591642453 0.11061965166156182
-2.503100182234474 0.593711592395088 0.10447940720782395
-2.503587937197997 0.5918192303142459 0.09910908057451812
-2.507808330194192 0.5944054378854932 0.09308509908847865
-2.510404214100448 0.5909643958569438 0.0870336632138553
-2.5140486354400196 0.5872535875878898 0.08422595219927448
-2.5202452527163968 0.5860548885240721 0.07975367567065672
-2.524116288667599 0.586764806046858 0.07371703618522324
-2.532318079459021 0.5888175969060062 0.06739093885909314
-2.537310368679194 0.5888406732644162 0.06144783886438979
-2.542583605320538 0.5856340010351885 0.05941217922546688
-2.548332088516112 0.586593544103959 0.057541780514722946
-2.55364625886468 0.587950718653593 0.057429121985239
-2.5625864990115335 0.5877885900708534 0.052343742842726054
-2.567816337222459 0.589827809104343 0.05232906101481097
-2.576247381150641 0.5931885057927115 0.04811813082648361
-2.5839841709986824 0.5962916958948087 0.050156964886716976
-2.587242957780441 0.5933028476325429 0.05012817720317217
-2.5959893555927587 0.5962334627146761 0.04900553474742156
-2.6041426994797825 0.5988035486496025 0.0475528933780989
-2.6103410376219363 0.5971103919434706 0.0509802868558262
-2.6174761756097835 0.5975235601459974 0.04755373986159836
-2.62303284598588 0.5982540310094415 0.04905924413168011
-2.6289941328300968 0.5931105852917063 0.05031738311027728
-2.637676699210352 0.5971997676879203 0.0510903412943961
-2.6462976192066745 0.5996048647663528 0.053591602810527245
-2.6535963769467674 0.5967450390270986 0.05693817737202855
-2.659818184313156 0.5980125480881131 0.06313914444072738
-2.667414971004578 0.5965897812015553 0.0629729729642319
-2.6831664250946505 0.5976670676764965 0.06449400113894135
-2.690644002335581 0.5965944667500549 0.06315147944972196
-2.7009395564708427 0.5941176996506835 0.07078911012776437
-2.7075206922010304 0.5976077780888592 0.06968601117074621
-2.716857909745822 0.5999889920627236 0.07224322479489678
-2.7276300987707756 0.6010747128003626 0.07957717014149485
-2.7330290539591915 0.6029534868111572 0.08254050594559925
-2.744597654537054 0.6049370501858433 0.08910459410183577
-2.747736965789767 0.6029122431103453 0.08805612136042668
-2.754273645421372 0.6050961506895324 0.08363270071833545
-2.7672926775553983 0.6031863114195166 0.08774991788563882
-2.7853502199110123 0.6051469163479827 0.08201510341379278
-2.7811817458429653 0.5972827585566826 0.0843094818787562
-2.7914726017831866 0.6026685580289394 0.0852572092167454
-2.8130845682271044 0.6061331791536626 0.07608291250191018
-2.821626827881329 0.604999662894052 0.08187250699060467
-2.816635355389588 0.6036029411040612 0.08465542476462284
-2.824476383405122 0.6025656320784301 0.08249101543501813
-2.8280942539360776 0.6043130095999542 0.08019917072788227
-2.833151100133792 0.6069302726073409 0.08108389762796017
-2.830522587968583 0.6039100943113312 0.07270491150940356
-2.8333323033832247 0.602628227116302 0.07164962809144465
-2.831812304093761 0.6031569393724426 0.0683552482893709
-2.8335521573065634 0.607843684538405 0.06297745429418386
-2.838072047487042 0.6062003389624877 0.05862240797340429
-2.8428481742559986 0.6089300497414031 0.0609678758552559
-2.8396773213240487 0.6076958401914049 0.0538206020162422
-2.8394917194240543 0.6096469348485819 0.048884792895646484
-2.856316379911225 0.6088404300948221 0.04486171824179705
-2.851977770968915 0.6134611652691073 0.04591856751912668
-2.83269194260729 0.6010834868922478 0.04394346892655343
-2.847460020971132 0.5986934957036959 0.032348294885609225
-2.8332840450044467 0.596038020385913 0.04741592090029059
-2.8351036112934835 0.5984781633115995 0.050016752090668554
-2.8398797246674676 0.5984300319085061 0.04728884947259235
-2.844664713579967 0.6082017693916877 0.04397735002573311
-2.8450658492739582 0.6060372083930433 0.03874923357262339
-2.851740076823233 0.6026231418578384 0.03579105922843959
-2.84592612058105 0.601386231146204 0.04038116719650203
-2.857560772865598 0.6052712665088484 0.032159206931661216
-2.8645212313073376 0.6043359667281502 0.022308015396454273
-2.863516639875718 0.6026965805787967 0.028055195382948317
-2.8708704718016227 0.5974692510518917 0.021637909400105626
-2.8650734394179405 0.595920378438905 0.026164797964031344
-2.8733492466821855 0.6052907602166798 0.029623512016355324
-2.884184564881445 0.6030041525792649 0.017530268035360563
-2.8891333272926136 0.6026093671204713 0.014624953564475657
-2.894186550467786 0.6034989314711258 0.014665842552340241
-2.9000359147466477 0.6047689147087841 0.009636173092013894
-2.8914366132423077 0.6052636074298842 0.007466140652776482
-2.878908998198348 0.6039534749038691 0.016059779009786057
-2.876545758415636 0.6051855620600498 0.01844889239266148
-2.8827984878034076 0.6046457360034062 0.012203641603960425
-2.8822696608204215 0.6069034605633143 0.009671504489066313
-2.8785830801316794 0.6060668258034525 0.024554801012968308
-2.8750035702847536 0.6060091136657404 0.020253465153396738
-2.878494920831776 0.6077231222232424 0.014077780085174296
-2.8749279036508817 0.6083361353562526 0.01892077874344325
-2.872102407538069 0.6113522103386696 0.019331188071256417
-2.870416123020833 0.6077761724932822 0.022886404244874398
-2.8733859270107622 0.6097906372247824 0.027618951191129754
-2.8643489145157695 0.6073985336969938 0.02569239814713084
-2.8536604248630715 0.6083497278670429 0.035080017271292424
-2.8608082335676737 0.6109433894922023 0.026188663759696362
-2.856250670389241 0.6117519528127972 0.030425096028870224
-2.859893247807269 0.6046656582373837 0.034440071886383344
-2.8568290925576676 0.6090714574122476 0.04236515473196753
-2.851360600950721 0.6086696006657503 0.04204566915737881
-2.8339212922938932 0.6023703924843137 0.04886790440951139
-2.829585961632801 0.6084107076473683 0.04990837246022295
-2.8261197954251935 0.6049222977128287 0.053822438321069144
-2.8339613380536317 0.6073377946176672 0.054715970998123864
-2.829788240597362 0.6088120196976209 0.05338016590969527
-2.829871555143726 0.6104079470726748 0.06257979675197003
-2.817847852853361 0.6068960056661683 0.059061644216808235
-2.8003701544009942 0.6043501792407372 0.07270070836573603
-2.7882561400571535 0.6056508771609356 0.06728263675360313
-2.7825416837695705 0.6071484800060734 0.06857317716735048
-2.7705698345483896 0.6115177716017927 0.07018724150819158
-2.752911575631091 0.6007844456519258 0.07092735905855627
-2.746078252040776 0.6012675638726027 0.07203470733456874
-2.737597453818301 0.6032232210958445 0.07125421197142065
-2.731585256782488 0.6020231268365797 0.06939933168437479
-2.719464216306655 0.6017417615037268 0.06435086564491976
-2.7101724478934495 0.602188474654638 0.0605755833138745
-2.7006252818909906 0.6028350746407743 0.0582937140776576
-2.6904157361888306 0.6021291091589235 0.05550381768069454
-2.6806338697748675 0.607781727632166 0.05623418740295125
-2.6670627337781068 0.6101506780520738 0.05461182956355931
-2.6532756467823915 0.6110978896833268 0.0501003603856599
-2.6444039922490474 0.6095137317408347 0.04818650309068384
-2.634893806969257 0.6078697070074655 0.04701784809607573
-2.6240989070161005 0.6063965931736809 0.04587274296027252
-2.614104285276592 0.6077926613404148 0.040316516398818086
-2.6034541631998556 0.6057518657078627 0.0384838013132664
-2.595301615600086 0.606189076766823 0.034792476859832694
-2.588645982533013 0.6038227459966812 0.03709896740673954
-2.578851383783538 0.6070044461428092 0.03652482167869439
-2.571903046009466 0.6071066960780308 0.03999010777843234
-2.56492376997583 0.6077551189785542 0.035752887970941366
-2.5552257294997367 0.6080050960352977 0.03806861864751618
-2.543930978839502 0.609023042476558 0.03969858215781666
-2.5387821279376004 0.6107439918780053 0.040420475750825885
-2.528332234426356 0.6078013268126693 0.04071340882062577
-2.5220476111439774 0.6124217489721789 0.03939635336614569
-2.513616105405719 0.60923616345772 0.04000347925032688
-2.5013277264195164 0.6045366477198002 0.0459028351981135
-2.500174692688546 0.6102786474940707 0.04456826114230414
-2.492385874197417 0.610144353826562 0.0482072829747934
-2.4865803390485715 0.6101217667351552 0.053090406379154326
-2.476687621989504 0.6096135455078958 0.05419405727625984
-2.467323882000379 0.608255210368344 0.05988903016438854
-2.4588811368144583 0.6083042724936422 0.062071404051376844
-2.4502856081837243 0.6101569959440581 0.06285365700111686
-2.4452597973650754 0.6075904708019484 0.06884466409216944
-2.441937272055073 0.6106530555203828 0.07550282007211984
-2.4346629914975195 0.6111387547612234 0.08157410799419265
-2.4247642512591687 0.6068035507589123 0.08039177461273944
-2.4160509073987493 0.6058585365815342 0.0832982574699487
-2.4114599356264557 0.6055706713172021 0.08883903134518642
-2.403585286340834 0.6041293789896938 0.0934627526928887
-2.3971146775487733 0.6063609480943997 0.09666659175310754
-2.39114239297777 0.6088221051164736 0.09766346793285696
-2.386494231443283 0.6110665667602294 0.10338123808102259
-2.379645568674124 0.6094788540885671 0.10444749289671351
-2.367845211152957 0.6100902960178244 0.10532804632806472
-2.356123159691514 0.6083405107668726 0.1011747944932952
-2.3481444213199376 0.6111604399144592 0.10271246907503506
-2.339965437737032 0.6090531275490186 0.1045658882268655
-2.3300278785549327 0.6090541503890464 0.10495837573074551
-2.317244081207218 0.6068835601954294 0.1048563238202482
-2.3067902631673305 0.6070904479963989 0.10182809852176714
-2.294412657184176 0.602314256400099 0.10118433122536433
-2.289499418664301 0.6027712067597074 0.10397244614699325
-2.272258140964641 0.6001105729837621 0.10076273830480317
-2.2646932433617732 0.5980082220620669 0.10137799429390162
-2.2509231684716915 0.5989700334296393 0.10275247476873295
-2.235798893707732 0.6002858498304374 0.10088286467225044
-2.223038780786394 0.6006909776390741 0.09789827674805818
-2.214135019934507 0.6028061429339923 0.0969477065173957
-2.207692297075262 0.6046676434261109 0.09630813349724593
-2.1932406444805337 0.6054270522113627 0.0981739574497757
-2.1841907889705885 0.6064749098859687 0.08833889530492811
-2.1702342279393925 0.6042191804688333 0.09166265729420559
-2.158894011174487 0.6053256342428537 0.08727298740851508
-2.1474262577527856 0.6089580289821497 0.09325115252622446
-2.1410411435369636 0.6108495872502874 0.0940454701312812
-2.1349582842910704 0.6095743200381549 0.090200683127415
-2.126877583802542 0.612075036463662 0.09156533682496987
-2.1152188311034408 0.61227041494664 0.09074612664329121
-2.1036761852481316 0.6131816346872394 0.09406212032216124
-2.0967050805114766 0.6099114834720616 0.09007209889365428
-2.08556331535743 0.6097884555341331 0.09405119557057504
-2.0743279394966776 0.6144260508914589 0.09468270873493084
-2.066769971800948 0.6113354283420713 0.09577511513682926
-2.0597277223456274 0.6126354955374933 0.10256493953276843
-2.0511779141494424 0.6152344863923555 0.10346206533219038
-2.0419991719039077 0.614274580853914 0.10622517218509028
-2.036455859314931 0.6163642493767352 0.10778235464662139
-2.025488031314589 0.6149520551538118 0.11463498798189758
-2.0171737994324954 0.6118436127824743 0.11927905870801406
-2.0191797733323154 0.6072278704119142 0.1223628433293645
-2.0120973100326083 0.6042187699598879 0.13101674447289066
-1.998784230117884 0.6086616123060844 0.13177719796740772
-2.0023061945936815 0.6079799794156867 0.1370333688594981
-1.993921433315636 0.605718024849043 0.14847731607458065
-1.986540990894936 0.6047582418006976 0.15017517443936296
-1.9780196108869212 0.6035594423212511 0.15209902253168628
-1.9731838718578723 0.6032990640308078 0.15905491948685652
-1.9671984451254096 0.6038752650869069 0.16760724424116344
-1.964322205197007 0.6065264242851407 0.1746920040166607
-1.953615805258452 0.611562530644959 0.17550148632251567
-1.9415447188004373 0.6075888569718185 0.1776002606465955
-1.9363325444744528 0.6069401683112616 0.1852268169161255
-1.937350742107062 0.6056257061399115 0.18852157694708055
-1.9299147686172349 0.6066305126648106 0.1931702399690446
-1.9143380170489999 0.6109579028567331 0.19452102175321662
-1.9081256558441213 0.612983067815588 0.1967272306460169
-1.910632248774034 0.6152054759991618 0.196786523980367
-1.901019762362873 0.6144337993059121 0.19762556457333813
-1.8947718795994044 0.6155264570037102 0.19889946466025185
-1.8866863051802834 0.6180213685393632 0.20207069699290514
-1.8757818661678036 0.6121771708630898 0.20095809759303418
-1.8660795693683991 0.6133898883088401 0.19908931693099882
-1.8574544973232916 0.6121838145236511 0.20028770394403997
-1.8479886901594296 0.6103666421429467 0.19817183857691273
-1.837275893639963 0.609287416150424 0.19769392504443942
-1.826461546624976 0.6115118185684373 0.1966484434672217
-1.8193730870432665 0.6091568541064376 0.19910301227378774
-1.8097887444520189 0.6083770239344657 0.19350807836612177
-1.7996355659250884 0.6075067884508357 0.19152072391753175
-1.7870308810753277 0.6096022844813149 0.19253186614872858
-1.780805874445648 0.6101944185672044 0.18603922518867877
-1.776873693455774 0.6163663547286995 0.19157591418081882
-1.7630264866309548 0.613814023478612 0.187078345097815
-1.7563392660715733 0.6134453727177895 0.18760111528817203
-1.746035238097696 0.61414989465253 0.18835160700425713
-1.7372936140998256 0.615926696107577 0.18496321674018915
-1.7299551044554689 0.6135438080866282 0.18545176971799043
-1.7185354648538291 0.6170324476352276 0.18481658838876774
-1.7133171327127663 0.6200847023980801 0.18513065436054824
-1.703984301265264 0.6186760702254183 0.1826782170968935
-1.6915078124217144 0.6172174260677652 0.1863208460229288
-1.682516644183024 0.6146648590822842 0.18642982495881197
-1.6717528690206473 0.6154260496461589 0.1881079948239033
-1.6644213276218807 0.6188710106280157 0.1853263171509671
-1.6535266646986666 0.6176753076982984 0.19044958564776007
-1.6476483835327227 0.6186979396549095 0.19064084578933765
-1.6390569170859592 0.6219749969709774 0.1938998861812645
-1.6325996258856499 0.6238465089672259 0.19489855893511132
-1.6154426969499498 0.6187797869024833 0.19996312599214308
-1.6077052519891832 0.6182707445643439 0.2067748949414187
-1.6008438844597077 0.617770952659869 0.2109795260277447
-1.5926957809543418 0.6203072347593331 0.21695456501057028
-1.5845392143604928 0.6139306171102055 0.2241135233964402
-1.5764007391639683 0.6110996881847002 0.22365400907728666
-1.5719629978980938 0.6123369838331251 0.22814181637364098
-1.565260884329735 0.6104888843816971 0.23151043746310604
-1.5584248597019268 0.6084472850381081 0.23256015821159468
-1.5513374560847 0.6076041500734813 0.2347100920606742
-1.5439365353460965 0.6076962284349219 0.23542038217850353
-1.5395864063300027 0.6068770133699274 0.23749380864317837
-1.537640209596582 0.609557843123437 0.24004743491348787
-1.5303566838169231 0.6094001054693898 0.24092749106667424
-1.5242821435668494 0.6076212555890858 0.24134456700880585
-1.5237469550531815 0.60975510873777 0.24335031895321546
-1.5175748873114077 0.6087095082694396 0.2445128294582387
-1.5152542149484276 0.6088404653615015 0.2472162664410504
-1.5046651523891406 0.6062004876526061 0.24510102066480263
-1.4968486684735482 0.603755003359799 0.24369006156542833
-1.4923911771676093 0.6044208705713864 0.2417974676635601
-1.4905941840336387 0.6068440304176406 0.24569034118676397
-1.4850930595151788 0.608575208543065 0.24526374904061443
-1.4802354464080123 0.6074432447198183 0.24371240194507185
-1.4762255475181894 0.6103632005377465 0.2414181005528363
-1.4631310805357602 0.6047147084796494 0.2396254713960059
-1.4531489391033205 0.6015622499020838 0.23773454981173847
-1.4481284675553423 0.6004442550248226 0.24125842635728784
-1.438038225971658 0.5968045008298511 0.2381319639465404
-1.4362957096993239 0.6010819137797986 0.23599236167049692
-1.4250935723695068 0.5962508471830631 0.2310144208286935
-1.4158677328863907 0.5944391012730847 0.2282232264031785
-1.4095558552154999 0.597590357554752 0.22380293887750574
-1.403770264660902 0.5973728477629928 0.22316453572970998
-1.3880810034571867 0.5935694945404163 0.21605281646002053
-1.390687804932737 0.5983122367493938 0.21842996398284473
-1.3821925137253273 0.601634894362177 0.21605388358500846
-1.3620597860259904 0.5939968129084087 0.21079801779177357
-1.3618529487976625 0.5932752821642467 0.21534672919727613
-1.3375561539759762 0.5865083375319153 0.20849719302322234
-1.302835054737216 0.6098114591259711 0.21763366799937747
-1.2883330392078072 0.6085188843130239 0.21118338408222062
-1.278690636770218 0.6084224141379468 0.2064651823489436
-1.2702247627051733 0.6030284482578404 0.21001440188921366
-1.2636184075848218 0.6060948849522269 0.21579777604979228
-1.2561652938955985 0.6117957196861841 0.2120348644302094
-1.2471629582454025 0.6089939280140868 0.21115300214446267
-1.237280979328074 0.607212987171806 0.2132451670883283
-1.227794440784643 0.613820836885428 0.21255785796088383
-1.2221666261200106 0.6168610690804724 0.21230631250514273
-1.2177228893161431 0.6147032447734853 0.21500675610390385
-1.209933053453342 0.6156658748379985 0.22110368152680274
-1.2034095815078791 0.612967672910164 0.2268224352357662
-1.1987615480601705 0.6155243140950843 0.2229522537627965
-1.1953039120795266 0.614284356889385 0.2353425262839834
-1.1774204854201398 0.6107002669100431 0.23480727688742312
-1.1656563050445952 0.6110951576568661 0.23906559292601967
-1.1621669911370411 0.6171125742047577 0.241890753765901
-1.1479971803283486 0.6127511104574793 0.24573474492948985
-1.1428762785331559 0.6147453227127084 0.2530664975328338
-1.131870204538326 0.6127848805161892 0.25398321037970495
-1.1201304527602605 0.6109538146342842 0.26126502458828893
-1.111905845574738 0.612610386091058 0.25896429199548127
-1.1080432815318453 0.6078670735451395 0.2633001610866082
-1.1067789694267594 0.6090161891957663 0.2693203267599594
-1.0994980480604477 0.6098244789169661 0.27320856222618106
-1.0916245166068652 0.6078097143284615 0.2727947544278025
-1.0832388480143487 0.6081861295011359 0.27614973763546824
-1.0731546532716145 0.60891467480598 0.2777511042358287
-1.0655010455101042 0.6047791370279276 0.2764847884919437
-1.0590412304493906 0.6069307557659801 0.27775398471832596
-1.0518696218447383 0.6093983685607045 0.2766456119642114
-1.043810888292119 0.6037540148218429 0.275482879669716
-1.0416975760525056 0.6069634451272502 0.27233853852826195
-1.034313746760289 0.6058419412340941 0.2716230743920668
-1.0278571124408575 0.6100220324801542 0.26937690117829716
-1.0183943045738044 0.6064847525986734 0.26921584206841803
-1.009609833227492 0.6082888714565703 0.2675192919064651
-0.9995797375153377 0.6063946236115767 0.2667005014127742
-0.9907937741389372 0.6090591894932716 0.2650546751369277
-0.9825193246306918 0.609073042583899 0.26693275070834327
-0.9738168368472166 0.6095034783116415 0.26142736671309397
-0.9669553912073876 0.6103663318043429 0.2563853088326351
-0.9600921692094397 0.6106902650165004 0.25309060094400193
-0.9499192282343514 0.6068341759046693 0.2522330099524908
-0.9409304096792361 0.6103642780766726 0.2515736845107825
-0.9334064455819164 0.6095239844498063 0.2482311402940927
-0.9254731120419553 0.6067153245572848 0.24612665352051483
-0.9156448081044211 0.6052233049877734 0.2425576903963547
-0.9093544881805193 0.6075397521618733 0.23823496353526413
-0.9014209461126172 0.6091632302268876 0.23445842027545125
-0.8869970473563196 0.6052055138544101 0.23273371492873438
-0.8834027129150301 0.6094421256321975 0.23035224626682677
-0.872377861381916 0.6088427982451506 0.22440672577012433
-0.8700786522339015 0.6124154648756451 0.2266238872821375
-0.8628116059081627 0.611490170159443 0.21981017082886642
-0.8587883004788781 0.6138581654454633 0.21752283113480195
-0.8511923672827899 0.6117628888884333 0.21451891835628822
-0.8469274469682007 0.6137975821981533 0.218764572643825
-0.8385817307046111 0.6161891180922275 0.21449635776378337
-0.8286907759240576 0.6121788070159699 0.21397186157269246
-0.8237373218911721 0.6138352261875623 0.21492724400929805
-0.8165723342253153 0.6142972182658356 0.21361495362477195
-0.8100633703335571 0.611745251005998 0.21147256365636924
-0.799434394353843 0.61168327383436 0.21536076700670911
-0.7903716047327416 0.6114481596066983 0.21869367671781464
-0.7791903836820504 0.6092554316367719 0.22073967308183273
-0.775716721468837 0.6097461968192938 0.22237120418592474
-0.7696862921071066 0.6117221067175546 0.22634128354576338
-0.7660496927595524 0.6135040017439759 0.2274429137429339
-0.7614354485905211 0.6141607865333888 0.22649237745580983
-0.7572107171400102 0.6155528671869168 0.2314410430734731
-0.7531004745786724 0.6142042253108434 0.23234147911388933
-0.7439344185933822 0.6142339903301423 0.2372582872515827
-0.7325082017725656 0.6111406809937265 0.23651316975015796
-0.7264040908086014 0.6077414460921484 0.24179157833371542
-0.7195570129957902 0.6059787619017069 0.24674441983157325
-0.7157195333450594 0.6075048138783312 0.25177940665712695
-0.708952703806607 0.6081154612139709 0.2539899489559955
-0.7055654316894975 0.6087088635620287 0.25421278736994707
-0.6971472782531873 0.6061315499364904 0.2557254698217597
-0.6880077395480344 0.6056191266773275 0.26215231966991315
-0.685115636362878 0.6074811041038777 0.26502195200628925
-0.6814114619279823 0.6068772850028278 0.267868072379436
-0.6737557768656013 0.605445325401481 0.2677522129850339
-0.666501560443743 0.6051575784084111 0.2714709812286511
-0.6588268094960471 0.6036269845278446 0.2722485885043636
-0.6532651735713603 0.6035831104409631 0.27498960844763026
-0.648801085677164 0.6005235371588195 0.27491554919066047
-0.643428718173321 0.601845963640984 0.2745998372066575
-0.6362994670683205 0.6052672959941346 0.2755669438231478
-0.6304305748650966 0.6051697255646749 0.2785680114616339
-0.6187774623768625 0.6021420431044533 0.2784785959647643
-0.6099535055459047 0.6026326643467989 0.28117342584588595
-0.6034732472254675 0.6023903167074788 0.2802074918811108
-0.5991938509830804 0.6007075774614768 0.2783945355147124
-0.5940873175618278 0.6078538556207771 0.28092474900536435
-0.5825328128776172 0.604141647556036 0.2791302766897726
-0.5759137905995826 0.6039317804227812 0.27792641416197195
-0.5675433177609585 0.6036238386836856 0.2774691216995095
-0.5619557334619374 0.6044322186048487 0.2721141552506181
-0.548438895739081 0.6028201174788975 0.27033790425976606
-0.5405766528987355 0.602131289271697 0.26826385093029986
-0.5327671242512909 0.6016237810742737 0.26822468159997714
-0.5265167520644393 0.6051544700947489 0.26309663180470333
-0.5215427149910286 0.6087128731005489 0.26120159685678235
-0.5100576378376394 0.6065522070151782 0.26117406870816184
-0.5029223412271419 0.6049690396927985 0.25557802502673016
-0.4990261179474478 0.6062129827292356 0.2536063215976601
-0.48822275981852337 0.6042781973467094 0.25370731533293306
-0.48188086331739466 0.6044171018710298 0.25074112508109103
-0.474631696030947 0.6047561491398363 0.24753743151351407
-0.4667757624158354 0.6067235580318437 0.24511971826875356
-0.46426319166424823 0.6086414936644786 0.2452078530847381
-0.45452077495237675 0.6086246308149695 0.24587482341141417
-0.4448644725839447 0.6029599213951694 0.24849924132665527
-0.44081669309176497 0.6024500066539029 0.2470901597553629
-0.43643421755809164 0.6062043522719452 0.25143055851907
-0.4287972759252705 0.609211162772833 0.2484950393894926
-0.4230663349632525 0.6110935168663217 0.2505524986723245
-0.41293108861393324 0.6104970002561592 0.24663787585135594
-0.4082654449067965 0.6109626032081322 0.24559572385018597
-0.402898715297477 0.6116998104891532 0.2476839301905015
-0.3957057693303392 0.6103855492088723 0.2535841014977609
-0.3907964579156974 0.6135932505447763 0.24994782276372252
-0.3825152213453148 0.6087595846005933 0.2523149868922779
-0.37352487542402546 0.6062796544768145 0.25264544640705305
-0.36728774533522746 0.6099469878412079 0.2578165401046089
-0.36096823382425636 0.608650486825905 0.25974614839105853
-0.3514842203741503 0.6051910096811645 0.2633148586592095
-0.34445135036018526 0.6046774592960139 0.26855748360268544
-0.34151896450956454 0.6046328272538029 0.27355617508895064
-0.3348887820915575 0.6053333335960963 0.2781798366811043
-0.3286044264203922 0.602498021889885 0.2797154719087631
-0.3217064723902936 0.5996075104904938 0.2790753764387092
-0.3175015545952764 0.6032313731976223 0.28243603981329474
-0.31522445315429937 0.6048778605390774 0.2849379210729275
-0.3115682148684884 0.6066817351474554 0.28704241684086595
-0.30318484062885076 0.6055446207899342 0.28622247193743516
-0.2974605081759834 0.603869046686893 0.2879700490562379
-0.29419265292294283 0.6020182814154066 0.2895515606394572
-0.2910610397342549 0.602507583219992 0.2886733452002145
-0.28081312233475975 0.6009011151309369 0.29366125868603127
-0.2788474299367849 0.5995005665848157 0.291659173645739
-0.2702586979411712 0.6029956102175934 0.29129222191206466
-0.2653985478493631 0.6024406890830273 0.292457942774815
-0.26011639774644296 0.6063890857614296 0.2945135351767187
-0.25328073136403545 0.6091649336463355 0.2922813277609036
-0.2468028243466125 0.6081257041767347 0.292824724303788
-0.23698180205153535 0.6080014972367133 0.2920996093498114
-0.2291735206196781 0.6065285145362935 0.28949352127279016
-0.21980722670178982 0.6035404012640713 0.28520276685547175
-0.21673947049143893 0.605953659454419 0.28546179423642803
-0.20910538391811184 0.6057592595484943 0.2850248435540592
-0.2025614223990182 0.6073221033301877 0.2784043523323314
-0.1947671763315416 0.6053789243773791 0.27549664298814924
-0.19071944325687556 0.6107967973012786 0.27323650586191545
-0.18519511225894325 0.611331691277359 0.2721103098446177
-0.17839084624895846 0.6100524674506028 0.2682815889883596
-0.17216527655480857 0.6097828283616836 0.26198257456712953
