17605034187400.000000 0.000000000 0.000000000 0.000000000 -0.000000000 -0.000000000 -0.000000000 1.000000000
17605066992300.000000 -0.001136617 0.000141196 0.000729862 0.000334576 0.000869228 -0.000219798 0.999999523
17605100515700.000000 -0.001414002 0.000670069 0.001428143 0.001122828 0.001317724 -0.000236220 0.999998510
17605133240900.000000 -0.000334463 0.000001234 0.001157578 0.001077731 0.001272738 -0.000196449 0.999998629
17605165924900.000000 -0.000534346 -0.000959882 0.000365873 0.000957380 0.001667130 -0.000387485 0.999998093
17605198951400.000000 -0.000025458 -0.000870554 0.000153987 0.001253018 0.001659590 -0.000116462 0.999997854
17605231980900.000000 -0.000847953 -0.000493960 0.000978736 0.000967967 0.002142529 0.000255141 0.999997199
17605264916000.000000 -0.000107494 0.000192316 0.001075373 0.000877935 0.002150591 0.001276502 0.999996483
17605299153400.000000 -0.000568575 -0.000294881 0.001184831 0.000200263 0.002805193 0.001405011 0.999995053
17605331702400.000000 -0.000703216 -0.000439391 0.001462624 -0.000231298 0.003309807 0.002167251 0.999992132
17605363858200.000000 -0.000097363 -0.000718556 0.001214621 -0.000597219 0.003689053 0.002615332 0.999989629
17605397117600.000000 0.000284877 -0.000230004 0.001410465 -0.000507846 0.003716803 0.003341594 0.999987364
17605430071500.000000 -0.000057555 -0.000314955 0.002161248 -0.000650046 0.004133666 0.003180203 0.999986172
17605463042100.000000 -0.000702428 -0.000856094 0.002023109 -0.001076961 0.004653403 0.002785602 0.999984741
17605515446900.000000 -0.000748901 -0.001136794 0.001589710 -0.001177561 0.004784742 0.002454308 0.999984860
17605544835100.000000 -0.000697365 -0.000151226 0.001758864 -0.000978775 0.004662964 0.001922647 0.999986827
17605573262100.000000 -0.000417072 0.000021480 0.001375951 -0.001190946 0.004575571 0.002194779 0.999986410
17605600687200.000000 -0.000377391 -0.000386439 0.001004981 -0.001128289 0.004863078 0.002030058 0.999985516
17605632103900.000000 -0.001461142 -0.000040698 0.002138170 -0.000517531 0.005478848 0.002371341 0.999982059
17605665594000.000000 -0.000635920 -0.000317544 0.001471975 0.000221498 0.005903039 0.003351793 0.999976933
17605698675100.000000 -0.002100465 -0.000397387 0.002661915 0.000561257 0.007045533 0.003359976 0.999969363
17605731927500.000000 -0.001037741 0.000654647 0.002270065 0.001114769 0.007047816 0.004285506 0.999965370
17605764559300.000000 -0.001287076 -0.000476865 0.002300160 0.000039526 0.007550268 0.004094581 0.999963164
17605798225400.000000 -0.000922881 0.000041151 0.002041672 -0.000009120 0.007371139 0.004550811 0.999962509
17605831363100.000000 -0.000222593 0.000024744 0.001810428 -0.000330470 0.006897158 0.004410404 0.999966443
17605863579600.000000 0.000549047 -0.000790675 0.000502978 -0.000885790 0.006284521 0.003706992 0.999972999
17605896472100.000000 -0.000707450 -0.000510471 0.001539365 -0.000864512 0.006524560 0.003025134 0.999973774
17605929395900.000000 0.000755180 0.000104937 0.000555776 -0.000265055 0.005854383 0.003202508 0.999977708
17605962371200.000000 0.000756856 0.000283961 0.000685331 0.000005531 0.005781994 0.003148960 0.999978364
17605995690400.000000 0.001258793 0.000447560 0.000753989 0.000298899 0.005618967 0.003376737 0.999978483
17606028934500.000000 -0.000312687 -0.000539423 0.000827688 -0.000310828 0.006447438 0.002484340 0.999976099
17606061372700.000000 -0.000590730 -0.001083693 0.000785787 -0.000678866 0.006780195 0.002483732 0.999973714
17606095161200.000000 -0.000422577 0.000055566 0.001862943 -0.000143351 0.006752314 0.003307481 0.999971747
17606127477700.000000 -0.000260515 -0.000298944 0.002131779 -0.000256534 0.006850995 0.003814853 0.999969244
17606160527900.000000 -0.000256881 -0.000619600 0.001775167 0.000127172 0.006876078 0.003544331 0.999970078
17606193412500.000000 -0.000927755 -0.000553973 0.002074728 0.001059648 0.006625453 0.003074463 0.999972820
17606226987400.000000 0.000097345 0.001141592 0.002203183 0.002034778 0.005094891 0.004272389 0.999975801
17606259314800.000000 -0.000247136 0.000384225 0.001644485 0.001492298 0.004654525 0.003513022 0.999981940
17606293396900.000000 0.000843183 -0.000061781 0.000710091 0.001407312 0.004149362 0.003555359 0.999984086
17606325398800.000000 0.000339578 0.000727988 0.002247258 0.001490033 0.004634725 0.003500419 0.999982059
17606358395300.000000 0.000861804 0.000677806 0.001938020 0.000868670 0.005226798 0.003254772 0.999980688
17606391362400.000000 0.002440210 -0.000671542 -0.000183684 0.000116076 0.005071330 0.002587318 0.999983788
17606424679900.000000 0.002439750 0.000333610 0.000162970 0.000634113 0.004904178 0.002580206 0.999984443
17606457279500.000000 0.000750225 -0.000098655 0.001296735 0.000359003 0.005092124 0.001039886 0.999986470
17606491153500.000000 0.000246907 0.000022999 0.001409512 0.000739568 0.004937779 0.001266919 0.999986768
17606523370500.000000 0.000599364 0.000421680 0.001940634 0.000931938 0.004923210 0.001294817 0.999986589
17606556421700.000000 0.002040847 -0.000001037 0.000735441 0.000833008 0.004777098 0.001163156 0.999987602
17606589328700.000000 -0.000978636 0.000794441 0.003223423 0.000700120 0.006347258 -0.000116952 0.999979615
17606622429200.000000 0.000222696 -0.000401538 0.001969881 0.000207538 0.006181321 -0.000037121 0.999980867
17606655810400.000000 0.000477689 -0.001170734 0.001484007 -0.000136279 0.006182836 -0.000279538 0.999980867
17606689115900.000000 0.000636196 -0.000136054 0.001338047 0.000424063 0.006151162 0.000465340 0.999980867
17606721325000.000000 0.002053724 0.000961322 0.001417850 0.000686463 0.005934300 0.001610711 0.999980867
17606754430400.000000 0.002131262 0.000278685 0.001618175 0.000248393 0.006369209 0.001863894 0.999977946
17606787758500.000000 0.002467758 0.000475126 0.001992876 -0.000224413 0.006989898 0.002430986 0.999972582
17606821166700.000000 0.001758812 0.000265675 0.002336173 -0.000708086 0.007604960 0.002699394 0.999967217
17606853331200.000000 0.002830622 0.000103237 0.001867365 -0.000754092 0.007136947 0.002878017 0.999970078
17606886761700.000000 0.002958748 0.000131188 0.002017701 -0.000790481 0.006902971 0.002426805 0.999972939
17606919592300.000000 0.004717159 -0.001136883 0.000637209 -0.001193229 0.005875666 0.002660669 0.999978483
17606952226100.000000 0.004233070 -0.001162862 0.000769556 -0.001185027 0.005874651 0.002720122 0.999978364
17606985743100.000000 0.003002107 -0.000719986 0.002376671 -0.001322132 0.006526186 0.002734419 0.999974072
17607018374600.000000 0.002027074 -0.000321598 0.003278709 -0.001343191 0.007686005 0.002549687 0.999966323
17607051348300.000000 0.003950106 -0.000541829 0.002473660 -0.001236386 0.007730989 0.003294694 0.999963939
17607084518300.000000 0.005079108 -0.001363138 0.001396255 -0.001237372 0.008023364 0.003556929 0.999960721
17607117405800.000000 0.005895711 -0.000620174 0.001867105 -0.001460822 0.008133095 0.003639017 0.999959230
17607150505800.000000 0.004340518 0.000422823 0.003522203 -0.001623679 0.008856490 0.003243575 0.999954224
17607183390600.000000 0.005269100 0.000151925 0.002864118 -0.002024718 0.008323058 0.002535322 0.999960124
17607218931500.000000 0.003015830 -0.000040278 0.003830545 -0.002808430 0.008958544 0.000560128 0.999955773
17607250381600.000000 0.003222328 -0.000645757 0.004181871 -0.003614121 0.008845018 -0.000319295 0.999954283
17607282494800.000000 0.007118620 -0.000637646 0.001809993 -0.003646959 0.007657176 0.000505180 0.999963939
17607316273100.000000 0.005990990 0.000014972 0.002854866 -0.003454747 0.008380650 -0.000028867 0.999958932
17607348301200.000000 0.002668891 -0.000216622 0.004446252 -0.002669047 0.010700082 -0.001296459 0.999938369
17607382628600.000000 0.005904053 -0.001611844 0.001904927 -0.000331284 0.011121091 -0.000043453 0.999938130
17607414636800.000000 0.005633496 -0.001251305 0.002678839 0.004084892 0.013419608 0.000476820 0.999901533
17607448081800.000000 0.002306407 -0.002709862 0.004819673 0.008610600 0.017981401 -0.000501298 0.999801099
17607480502700.000000 0.004314016 -0.003127405 0.002973284 0.014139091 0.020921500 0.001488457 0.999680042
17607513340100.000000 0.009638011 -0.006877571 -0.002329780 0.017759344 0.023965513 0.003293050 0.999549627
17607546359200.000000 0.007540782 -0.006531923 0.000958634 0.021104928 0.029573886 0.003778548 0.999332666
17607579232500.000000 0.009471776 -0.006740814 -0.000142028 0.023494098 0.033970505 0.005347355 0.999132335
17607612343300.000000 0.013181639 -0.007308558 -0.000661842 0.025286350 0.037319917 0.008699323 0.998945534
17607646312700.000000 0.015855026 -0.009589759 -0.008372906 0.025842773 0.039793666 0.011079489 0.998812258
17607678948900.000000 0.014196498 -0.009675089 -0.008077268 0.026612490 0.043688074 0.011596937 0.998623371
17607711288900.000000 0.016264124 -0.009532216 -0.009253831 0.027110219 0.046104431 0.012447303 0.998491108
17607744719400.000000 0.018380959 -0.008209998 -0.009491002 0.027240114 0.047806762 0.013835120 0.998389244
17607781231900.000000 0.018543687 -0.009665375 -0.009572381 0.026107214 0.049646989 0.013636131 0.998332441
17607811124900.000000 0.021116592 -0.009336841 -0.012564282 0.026132511 0.050230157 0.014706654 0.998287439
17607843509300.000000 0.021126067 -0.009814649 -0.012063673 0.025945554 0.051838458 0.014534479 0.998212576
17607876356400.000000 0.021056991 -0.009501728 -0.012511017 0.026852991 0.053277180 0.015278273 0.998101771
17607912151800.000000 0.020708499 -0.009835327 -0.010385853 0.027700251 0.055582523 0.015492341 0.997949541
17607942546800.000000 0.022099134 -0.010084651 -0.012786233 0.029352142 0.056761052 0.017882697 0.997795999
17607977430600.000000 0.021059752 -0.010634113 -0.012787432 0.030692965 0.059302460 0.018342927 0.997599483
17608009442200.000000 0.021035623 -0.010674854 -0.006356718 0.032036882 0.062438816 0.018635850 0.997360408
17608044170800.000000 0.021212893 -0.011527676 -0.005191801 0.033220861 0.065166786 0.019683095 0.997127056
17608076359400.000000 0.019099981 -0.011625844 -0.002166109 0.034365173 0.068947881 0.020746594 0.996812344
17608107937700.000000 0.018709963 -0.011971274 -0.000191372 0.034899838 0.072372004 0.022715664 0.996508121
17608145624700.000000 0.017725535 -0.012723299 0.000149864 0.035886053 0.076668382 0.023938663 0.996123075
17608173341500.000000 0.018586580 -0.015239200 -0.002777044 0.037224963 0.080227442 0.026269905 0.995734811
17608206558000.000000 0.016327037 -0.015173613 -0.000376758 0.039629512 0.085191317 0.028515827 0.995167732
17608240053700.000000 0.018628784 -0.016729183 -0.002079321 0.041449785 0.088330358 0.032117393 0.994710088
17608272583200.000000 0.017924841 -0.017520268 0.000154500 0.042786162 0.092625037 0.036068708 0.994127333
17608307000100.000000 0.018879127 -0.017681209 0.000141291 0.044045843 0.095908940 0.040731989 0.993580639
17608341132800.000000 0.014417849 -0.019143293 0.003441100 0.045109700 0.101325795 0.042810891 0.992907584
17608371363000.000000 0.013003707 -0.021475565 0.002821535 0.045167927 0.105495498 0.045617398 0.992345572
17608404291800.000000 0.010070793 -0.019970991 0.009014232 0.046476245 0.110495634 0.048154145 0.991620898
17608437329600.000000 0.009145863 -0.021357143 0.009839864 0.047481541 0.114187039 0.050081581 0.991059422
17608471020800.000000 0.008721779 -0.021806007 0.010158622 0.048589561 0.117544495 0.053351529 0.990442336
17608503459700.000000 0.007881622 -0.022212300 0.010558419 0.048178971 0.121448331 0.055892423 0.989851117
17608536535900.000000 0.006609967 -0.022171343 0.013278325 0.047950588 0.125568941 0.057667099 0.989246070
17608569383500.000000 0.007928598 -0.022775592 0.011702167 0.048519790 0.128988132 0.060061380 0.988635719
17608602482100.000000 0.007751853 -0.024705742 0.009337246 0.048740510 0.132992953 0.060850121 0.988045812
17608635292200.000000 0.007257692 -0.025833149 0.010086139 0.049527377 0.137268305 0.061911456 0.987355828
17608668260300.000000 0.004304003 -0.026163936 0.015358761 0.050036922 0.142009214 0.062004551 0.986653507
17608701456000.000000 0.004007867 -0.026497509 0.017844751 0.048723403 0.145585507 0.062622353 0.986158907
17608734334600.000000 0.005844785 -0.028794542 0.013744208 0.046113852 0.147563875 0.064312160 0.985881507
17608767400300.000000 0.007423711 -0.027605588 0.018159023 0.044522937 0.150774255 0.065241754 0.985407770
17608800733100.000000 0.006017809 -0.028652981 0.016586740 0.043988928 0.154715210 0.066746041 0.984719872
17608833390100.000000 0.008364146 -0.029854313 0.017610971 0.044168916 0.158309534 0.067642488 0.984079182
17608866437800.000000 0.006576611 -0.029488033 0.022405477 0.044308029 0.163014039 0.068276130 0.983260751
17608899783000.000000 0.009613565 -0.029398808 0.015810424 0.044007245 0.164736301 0.071074411 0.982788801
17608932263600.000000 0.009106511 -0.028891634 0.021822151 0.044799298 0.168960363 0.070857003 0.982051313
17608965278100.000000 0.016540874 -0.032404244 0.011238302 0.046524424 0.169188946 0.073854834 0.981710792
17608998284600.000000 0.016887175 -0.032442398 0.011242870 0.049519259 0.172739074 0.074811742 0.980873227
17609031331500.000000 0.017967852 -0.032893877 0.011403046 0.051278219 0.176742136 0.075301096 0.980031908
17609064384800.000000 0.018662546 -0.032518294 0.012617929 0.051991161 0.180857584 0.076542884 0.979146898
17609097554100.000000 0.018574500 -0.033447452 0.014599672 0.050979864 0.185212433 0.078409016 0.978237987
17609130497200.000000 0.019358784 -0.033647165 0.015436126 0.050906546 0.189326674 0.079604983 0.977357209
17609163460200.000000 0.026395179 -0.032245390 0.011773945 0.051950444 0.191940963 0.081926480 0.976600170
17609196261500.000000 0.028627964 -0.031213868 0.013138442 0.052411512 0.196152866 0.082262747 0.975710034
17609229390600.000000 0.031428941 -0.032195922 0.012564961 0.052066382 0.199742943 0.082682051 0.974964440
17609262285100.000000 0.028675374 -0.032007560 0.011787149 0.052695524 0.204195932 0.082517698 0.974021614
17609297192300.000000 0.031074334 -0.032756947 0.009913987 0.054368321 0.207019091 0.083151981 0.973279536
17609328267000.000000 0.034042191 -0.031979397 0.011144083 0.055796165 0.209938854 0.083703011 0.972525775
17609361261600.000000 0.031831659 -0.033048049 0.010155028 0.057029855 0.213732943 0.083366051 0.971656322
17609394294900.000000 0.035754707 -0.033486940 0.004279089 0.058018282 0.215868101 0.083935551 0.971076608
17609427293900.000000 0.033069655 -0.032843947 0.006854387 0.059381001 0.219777450 0.083192028 0.970180869
17609460352400.000000 0.036740258 -0.034185324 0.006836835 0.059414405 0.221002236 0.082807638 0.969933510
17609494000300.000000 0.038691975 -0.034282785 0.005887343 0.060130730 0.221522108 0.083006747 0.969753742
17609526534100.000000 0.042090975 -0.033919565 0.005880787 0.062703356 0.222461969 0.081616566 0.969493508
17609559234900.000000 0.041408576 -0.034411069 0.005907555 0.065918699 0.224707887 0.079246603 0.968958795
17609592413700.000000 0.040932428 -0.035487793 0.005368067 0.067774825 0.227088973 0.076666646 0.968483090
17609625718200.000000 0.040319227 -0.035725482 0.007388338 0.069444120 0.229960352 0.075007655 0.967817008
17609658470900.000000 0.040405139 -0.036725298 0.007348155 0.070434891 0.232590273 0.075802632 0.967054605
17609694027300.000000 0.040874302 -0.037324440 0.007927025 0.070068024 0.235981748 0.078924350 0.966009378
17609724859200.000000 0.040630709 -0.036682747 0.010224937 0.070373893 0.241394594 0.083382294 0.964273632
17609757388000.000000 0.040039111 -0.037767574 0.011290088 0.070512123 0.248601720 0.088118516 0.962008536
17609790675200.000000 0.041992523 -0.036320038 0.014359752 0.071101800 0.256655097 0.091919795 0.959491313
17609823319500.000000 0.042170398 -0.036606129 0.016334992 0.070303164 0.265411735 0.094086528 0.956954479
17609856279200.000000 0.042814612 -0.036587045 0.020175330 0.070298254 0.273416132 0.095771506 0.954531133
17609889894000.000000 0.047398843 -0.032654591 0.022351842 0.071069270 0.279412299 0.098691851 0.952437878
17609922259300.000000 0.045021188 -0.037284758 0.020036213 0.069049627 0.286286920 0.103000909 0.950085700
17609956438900.000000 0.046072640 -0.036964588 0.019845601 0.069748960 0.293424159 0.105968930 0.947527289
17609988455000.000000 0.052291300 -0.037148327 0.021939581 0.071685970 0.300807625 0.107647248 0.944874585
17610021312200.000000 0.050061490 -0.038806710 0.020245500 0.072404638 0.309540421 0.107284985 0.942036271
17610054245600.000000 0.050742939 -0.037146460 0.023030255 0.075400956 0.317027986 0.106921025 0.939348638
17610087775000.000000 0.049705300 -0.038343444 0.021556027 0.075759932 0.322461694 0.106769472 0.937485635
17610120168200.000000 0.048921991 -0.040091701 0.018743293 0.074120462 0.325790346 0.108821586 0.936228991
17610153260400.000000 0.050678603 -0.039057881 0.020284917 0.073585920 0.329499394 0.110499963 0.934775472
17610186212600.000000 0.046059061 -0.038006917 0.021752890 0.073352925 0.334848404 0.111925900 0.932721078
17610219277800.000000 0.049632736 -0.037468646 0.018611245 0.073314078 0.338067144 0.115665190 0.931105375
17610252313500.000000 0.055280935 -0.034491658 0.012681044 0.073965959 0.340534776 0.119329065 0.929691195
17610285482300.000000 0.055525143 -0.033945210 0.011364189 0.074704207 0.345411867 0.121414490 0.927560508
17610318451500.000000 0.055056348 -0.034372475 0.010221094 0.074488156 0.351006776 0.122949578 0.925272524
17610351280000.000000 0.055891115 -0.033494450 0.008038745 0.074264601 0.356309593 0.124207899 0.923093021
17610384586700.000000 0.056792684 -0.034363065 0.004123007 0.074571267 0.360932767 0.125730172 0.921063900
17610417311500.000000 0.060712866 -0.030654028 0.003302813 0.075783774 0.364736587 0.127840668 0.919174016
17610450345100.000000 0.062488049 -0.030103205 -0.000006318 0.076156065 0.368718475 0.130651757 0.917157114
17610483254700.000000 0.062937699 -0.028275140 -0.001823619 0.076313511 0.373405814 0.133026004 0.914903581
17610516546900.000000 0.062721789 -0.028663829 -0.003642616 0.074502394 0.378314883 0.135101214 0.912729383
17610549256300.000000 0.069000967 -0.025858227 -0.006029906 0.073662944 0.381795704 0.137151465 0.911040843
17610582257100.000000 0.068312690 -0.026026495 -0.008849892 0.071665868 0.386233509 0.138565153 0.909113586
17610615270300.000000 0.067319721 -0.025766943 -0.010047222 0.069522977 0.391074389 0.140260637 0.906947851
17610648285500.000000 0.068639144 -0.023657151 -0.010620787 0.068978272 0.395584971 0.141262725 0.904875398
17610681288200.000000 0.070179082 -0.025393998 -0.012703236 0.068584003 0.399661750 0.143027440 0.902834415
17610714346500.000000 0.073254108 -0.023491737 -0.014774509 0.068934858 0.403129458 0.144030482 0.901104808
17610747259800.000000 0.074187756 -0.023279402 -0.016082199 0.068530552 0.407001764 0.144830003 0.899264991
17610780299400.000000 0.077535197 -0.018796990 -0.015614428 0.068957917 0.410589457 0.145460606 0.897497833
17610813379600.000000 0.078426704 -0.019634169 -0.019091239 0.068243861 0.414146006 0.146888509 0.895683944
17610846481900.000000 0.076066703 -0.021336202 -0.020106975 0.067715555 0.419440657 0.148137495 0.893050671
17610879860000.000000 0.078547999 -0.018542618 -0.019658925 0.067886524 0.423741549 0.149589613 0.890762329
17610912323500.000000 0.078759529 -0.018343225 -0.018117994 0.067442097 0.429193437 0.151820436 0.887803495
17610945234600.000000 0.083773836 -0.018839676 -0.018773908 0.068346851 0.433960289 0.155164033 0.884834051
17610979422900.000000 0.084317923 -0.018287776 -0.017199565 0.069540076 0.440409303 0.157122493 0.881201684
17611012091500.000000 0.085811801 -0.017324887 -0.016722169 0.071473435 0.446784496 0.159923956 0.877325237
17611047211900.000000 0.086106539 -0.017228164 -0.016181704 0.073107190 0.453628004 0.162845343 0.873131394
17611077576600.000000 0.086412974 -0.017235525 -0.015871080 0.074004374 0.460414648 0.166735068 0.868758380
17611110902800.000000 0.087664880 -0.018850705 -0.014440536 0.074748583 0.467606574 0.171551451 0.863902092
17611143378200.000000 0.089747779 -0.018058099 -0.011949809 0.077565111 0.475137442 0.175685674 0.858698249
17611177454500.000000 0.091473527 -0.018297242 -0.010891015 0.079295166 0.482363850 0.179070011 0.853798270
17611209285400.000000 0.092286840 -0.017835353 -0.008883771 0.079866640 0.489407510 0.181865379 0.849132895
17611242562100.000000 0.092784107 -0.018585291 -0.007524624 0.080946222 0.495096326 0.185502604 0.844935596
17611279140900.000000 0.093386270 -0.020317681 -0.006341461 0.082046352 0.500435531 0.189020619 0.840894699
17611309678000.000000 0.096061982 -0.019698186 -0.004955057 0.083631471 0.504979789 0.192922801 0.837127268
17611341942500.000000 0.096190862 -0.019334182 -0.004342031 0.085453980 0.510293186 0.197548375 0.832630277
17611376060200.000000 0.096863404 -0.019922365 -0.002493601 0.086587735 0.516664445 0.201922521 0.827519059
17611407851100.000000 0.097874336 -0.021369880 -0.004457586 0.086369552 0.522490978 0.207086459 0.822592735
17611441129700.000000 0.099174559 -0.021230523 -0.003269721 0.086317040 0.529154658 0.211348310 0.817237258
17611474228400.000000 0.100546934 -0.020795919 -0.003293172 0.085772425 0.535294890 0.215071797 0.812309444
17611506483700.000000 0.101795629 -0.021147782 -0.003464956 0.084684394 0.541363358 0.219227254 0.807275534
17611539806000.000000 0.102736652 -0.021946369 -0.003719263 0.083400905 0.547447920 0.222329780 0.802442849
17611572230900.000000 0.101574212 -0.022093972 -0.004817624 0.083705544 0.553709507 0.225127548 0.797318518
17611605483000.000000 0.103242524 -0.020343576 -0.003965594 0.084549241 0.559965253 0.227858409 0.792067528
17611638400300.000000 0.101402864 -0.022203058 -0.005729765 0.083567113 0.566192269 0.230566114 0.786944807
17611671271000.000000 0.101951346 -0.021675233 -0.008227594 0.083270028 0.571681201 0.233493939 0.782129943
17611705313800.000000 0.104681939 -0.018230446 -0.009318590 0.083574817 0.577301383 0.234653905 0.777609169
17611737552200.000000 0.103487946 -0.020836268 -0.013232931 0.082502499 0.582500756 0.236556768 0.773257494
17611770306500.000000 0.106538326 -0.018725250 -0.014590807 0.082597561 0.587001622 0.237724870 0.769476235
17611803200600.000000 0.106656872 -0.017779473 -0.014883883 0.082954094 0.591952682 0.237881452 0.765586734
17611836333100.000000 0.107118130 -0.017000794 -0.016810097 0.082524158 0.595754623 0.238128677 0.762601435
17611869196800.000000 0.107269257 -0.016583636 -0.020582434 0.081759796 0.598614931 0.239240170 0.760091901
17611902223000.000000 0.106868118 -0.016843986 -0.023698729 0.080524646 0.601523936 0.239468366 0.757852077
17611935509400.000000 0.108158663 -0.014064878 -0.024758235 0.079593129 0.604421914 0.239870712 0.755513906
17611968309200.000000 0.107576832 -0.012798224 -0.027063128 0.078474052 0.607273400 0.241069704 0.752958417
17612001353900.000000 0.106904104 -0.012273662 -0.028376888 0.077382915 0.610677958 0.241436392 0.750195205
17612034166000.000000 0.108368561 -0.011913050 -0.033240922 0.077121750 0.612943172 0.242463395 0.748040378
17612067405900.000000 0.106738210 -0.010220584 -0.032352585 0.077409863 0.617238522 0.242370412 0.744500458
17612099968600.000000 0.106854498 -0.011657115 -0.037467364 0.076211482 0.619385600 0.245833203 0.741700351
17612132952400.000000 0.107505217 -0.009843890 -0.038279820 0.074397296 0.622681975 0.248169154 0.738338888
17612165985500.000000 0.107928231 -0.008794457 -0.039829087 0.071853116 0.625765741 0.250891298 0.735056460
17612198799300.000000 0.106132284 -0.010155920 -0.040319894 0.069829717 0.629179001 0.253063112 0.731585026
17612232002900.000000 0.106665179 -0.007452041 -0.041983098 0.069695242 0.631527066 0.253880233 0.729288101
17612265105000.000000 0.107565373 -0.007435497 -0.040592350 0.069561951 0.634776354 0.254630864 0.726211607
17612298159900.000000 0.109584287 -0.005519621 -0.040185064 0.070853196 0.637276113 0.255029082 0.723753512
17612331086500.000000 0.109897010 -0.005689166 -0.039852843 0.072141543 0.640616477 0.255820721 0.720390201
17612364073600.000000 0.110254273 -0.005020361 -0.039665617 0.073890887 0.644428730 0.257098019 0.716346562
17612397057800.000000 0.110465005 -0.005119819 -0.039652299 0.076252304 0.648890018 0.259457052 0.711202800
17612430045300.000000 0.111311972 -0.004709996 -0.039423496 0.078911781 0.653808653 0.261394113 0.705677271
17612463040400.000000 0.112430058 -0.005718991 -0.037598409 0.080496103 0.659823179 0.263434082 0.699111044
17612496480800.000000 0.113745637 -0.005694274 -0.035717681 0.081431963 0.665949047 0.265673041 0.692313969
17612528996000.000000 0.115844429 -0.004421517 -0.033373237 0.081179522 0.671887875 0.268279016 0.685567617
17612562197100.000000 0.117858671 -0.004225407 -0.031201355 0.080342382 0.678076684 0.270700186 0.678585768
17612595030700.000000 0.120074913 -0.003644481 -0.028640151 0.079980426 0.684538245 0.270586818 0.672155797
17612628074200.000000 0.122204170 -0.004266519 -0.025975093 0.080602147 0.690854967 0.270590484 0.665585101
17612661034000.000000 0.122343585 -0.006981406 -0.026315615 0.081163973 0.694769859 0.273827940 0.660095215
17612694736100.000000 0.121246122 -0.007015266 -0.024459288 0.082553811 0.698848665 0.278358459 0.653691053
17612726991900.000000 0.123545639 -0.008951563 -0.024297774 0.081798799 0.702945232 0.283627063 0.647095561
17612769665800.000000 0.123337843 -0.007642895 -0.023707435 0.083856881 0.708650768 0.286350340 0.639363527
17612798072900.000000 0.124677382 -0.009923343 -0.020384729 0.083188683 0.715854228 0.287862390 0.630688310
17612828454600.000000 0.124445468 -0.011266135 -0.019899562 0.083348818 0.721265256 0.289776474 0.623585701
17612859280800.000000 0.124328911 -0.014033537 -0.016669035 0.083072402 0.726897836 0.291086972 0.616430759
17612892692100.000000 0.125000328 -0.014278214 -0.016349748 0.083806641 0.730698645 0.292752922 0.611025155
17612925084400.000000 0.126203045 -0.014318679 -0.023360476 0.085859880 0.732277215 0.297132432 0.606721103
17612958204100.000000 0.126365870 -0.014597293 -0.023826584 0.086258523 0.735978127 0.298563361 0.601461232
17612991351600.000000 0.126789257 -0.013983198 -0.023321047 0.084820084 0.739921689 0.299582362 0.596298575
17613025199800.000000 0.127651960 -0.013618067 -0.024058059 0.083371736 0.742892742 0.302447736 0.591341734
17613057059900.000000 0.127641290 -0.012494665 -0.023246035 0.082387455 0.745883107 0.303626835 0.587095916
17613090749400.000000 0.128592223 -0.011591457 -0.023674592 0.082336642 0.748559415 0.304757267 0.583097398
17613123015300.000000 0.128691137 -0.010124840 -0.025373191 0.082953267 0.751027644 0.305490762 0.579440892
17613156445600.000000 0.126895383 -0.010249056 -0.027565911 0.082963213 0.753607571 0.306377083 0.575609028
17613189020200.000000 0.128812715 -0.007457934 -0.028283045 0.082433924 0.756607234 0.306596607 0.571619332
17613222271700.000000 0.129126355 -0.006882392 -0.029942095 0.081527740 0.759291887 0.306748092 0.568097532
17613255311600.000000 0.127596453 -0.005474597 -0.030886799 0.081705637 0.761676013 0.306397438 0.565061569
17613288564200.000000 0.126515090 -0.003992692 -0.035560280 0.082793608 0.762818336 0.307257593 0.562890947
17613321306000.000000 0.125889033 -0.003198490 -0.037643403 0.082839206 0.765075684 0.307014912 0.559945405
17613353997700.000000 0.124134891 -0.002230741 -0.041806147 0.082951486 0.766508758 0.308132112 0.557349086
17613387068600.000000 0.122994304 -0.001462318 -0.044289015 0.082351767 0.768121839 0.309194118 0.554622471
17613420015600.000000 0.120749168 -0.002323061 -0.048078515 0.081712432 0.768908024 0.311330616 0.552428126
17613452997500.000000 0.118063763 -0.001342677 -0.050169200 0.081257813 0.769821346 0.312377721 0.550629199
17613486378700.000000 0.116600476 0.000038818 -0.052422114 0.080638401 0.770786703 0.312865376 0.549090743
17613519055300.000000 0.114636809 -0.000757314 -0.053220153 0.079586595 0.772359490 0.313236594 0.546817839
17613552167500.000000 0.112569459 0.000368014 -0.058464222 0.079653136 0.772597671 0.314058840 0.545999467
17613585007800.000000 0.110468313 -0.001788072 -0.059509665 0.078636333 0.774703383 0.314355880 0.542983651
17613617943700.000000 0.111547716 0.001197495 -0.061481632 0.078861356 0.776970506 0.314946711 0.539357424
17613651090200.000000 0.109628700 0.001813255 -0.068178952 0.079354405 0.777969003 0.317054123 0.536604047
17613683960200.000000 0.110376194 0.001504093 -0.071500301 0.078898929 0.780053675 0.319112808 0.532408059
17613716974400.000000 0.109476693 0.002441972 -0.067004494 0.078662753 0.784165502 0.318108559 0.526975870
17613749902800.000000 0.111488745 0.009805530 -0.071325235 0.082089618 0.785425544 0.319791198 0.523547113
17613782852600.000000 0.111679941 0.010148533 -0.071923941 0.082501978 0.788403451 0.320814490 0.518354654
17613815904700.000000 0.111835778 0.010677181 -0.071800590 0.083087668 0.791654527 0.322030693 0.512519121
17613849064300.000000 0.112909921 0.010686077 -0.072098441 0.082957491 0.794728160 0.323510498 0.506819665
17613881778600.000000 0.114014253 0.011798464 -0.072237261 0.083165541 0.797516227 0.325061977 0.501384199
17613914904900.000000 0.112859040 0.011366323 -0.072522685 0.084212892 0.799921751 0.327515066 0.495749176
17613947819100.000000 0.113874316 0.011734225 -0.072002739 0.084884234 0.802594483 0.328503102 0.490634799
17613980959300.000000 0.114269875 0.011255130 -0.071595438 0.086565152 0.805324674 0.329311967 0.485296190
17614013775500.000000 0.114043705 0.010800213 -0.071788661 0.088252820 0.807952702 0.330244929 0.479960710
17614046743100.000000 0.117700130 0.009668276 -0.069162071 0.087636836 0.811408997 0.330826610 0.473802656
17614079887400.000000 0.119694278 0.010712303 -0.067283154 0.088879645 0.814669549 0.331499577 0.467463434
17614113164900.000000 0.120249003 0.010729969 -0.066985771 0.089893468 0.817149222 0.333240390 0.461667895
17614145760800.000000 0.118914194 0.007967018 -0.067811728 0.090774111 0.819305658 0.336489886 0.455272317
17614178806400.000000 0.119444340 0.007067308 -0.066926405 0.091715612 0.822273850 0.339440376 0.447475404
17614211889900.000000 0.120094612 0.007830396 -0.068083346 0.092473194 0.824691892 0.342355043 0.440596193
17614245819400.000000 0.120479360 0.007983401 -0.067145646 0.093270242 0.827760100 0.345086396 0.432468891
17614277661500.000000 0.122501984 0.006538756 -0.065802559 0.092086561 0.831270158 0.347320855 0.424120605
17614311090700.000000 0.121399857 0.006226651 -0.066815108 0.092328481 0.833671629 0.349592179 0.417435616
17614343811900.000000 0.119579107 0.005188338 -0.069233537 0.092317730 0.835652173 0.352059662 0.411359757
17614376853900.000000 0.120088570 0.006080531 -0.069458544 0.091885641 0.838360965 0.353247643 0.404875398
17614409780500.000000 0.118751414 0.006307214 -0.071216822 0.092180796 0.840407729 0.355224997 0.398789167
17614442727400.000000 0.118596911 0.007023066 -0.071374074 0.092451677 0.842859268 0.356793582 0.392096102
17614483991900.000000 0.117714614 0.008032933 -0.072963178 0.092814699 0.844834864 0.358234465 0.386403441
17614514431200.000000 0.118270293 0.009332627 -0.074034691 0.091711059 0.846866131 0.359520376 0.380988151
17614545829000.000000 0.115214288 0.007643566 -0.074839115 0.090346113 0.848292589 0.360560566 0.377138376
17614576309400.000000 0.114439927 0.010439076 -0.076018825 0.089823090 0.849676251 0.360861629 0.373846143
17614607851500.000000 0.113423854 0.010497876 -0.075997919 0.088567741 0.851498365 0.360542119 0.370291471
17614640677300.000000 0.113560274 0.010714307 -0.076480433 0.087041207 0.853182197 0.359489530 0.367792428
17614673728200.000000 0.112494111 0.010301985 -0.076994807 0.087196574 0.855212390 0.359248310 0.363248140
17614706675400.000000 0.114564061 0.011746109 -0.077287316 0.085877210 0.857835770 0.358631611 0.357947409
17614739678200.000000 0.114967532 0.012046352 -0.077690110 0.084494583 0.860228539 0.358724117 0.352398485
17614773417200.000000 0.115370959 0.012431003 -0.077806860 0.082275756 0.862346232 0.358674973 0.347767234
17614806628300.000000 0.117753580 0.014417104 -0.078649104 0.079224505 0.863801897 0.358783334 0.344738156
17614839975500.000000 0.116669342 0.014060833 -0.078441143 0.077113606 0.865286410 0.358691633 0.341574728
17614871566900.000000 0.117574230 0.013743222 -0.079030067 0.073036440 0.867020845 0.358012527 0.338773578
17614906710900.000000 0.097727939 0.017778687 -0.092167422 0.079139769 0.865333021 0.360311538 0.339280546
17614937585300.000000 0.097131401 0.018959232 -0.093375236 0.076810934 0.867061496 0.360249460 0.335447103
17614970501100.000000 0.094423041 0.019794017 -0.094922379 0.076396182 0.868334472 0.360993624 0.331425071
17615003504500.000000 0.094692349 0.021607623 -0.096115097 0.075607382 0.869828820 0.361540854 0.327062160
17615037224700.000000 0.094430700 0.021286793 -0.097667158 0.074813172 0.871300399 0.362291187 0.322465181
17615069266200.000000 0.092183277 0.021164961 -0.098904401 0.075631797 0.872562766 0.363716334 0.317213863
17615102550600.000000 0.092289597 0.023257039 -0.100548521 0.075720102 0.874207318 0.365182787 0.310917258
17615135418600.000000 0.091312245 0.022164471 -0.101820156 0.075852200 0.875852406 0.366950542 0.304099232
17615168445400.000000 0.092189312 0.020706482 -0.103031039 0.074990220 0.878012955 0.368024319 0.296695024
17615201323200.000000 0.091878116 0.020999469 -0.104063123 0.074815735 0.880129755 0.368933529 0.289244562
17615234692300.000000 0.094277017 0.022176966 -0.105230466 0.073923327 0.882201672 0.370377302 0.281204998
17615269919200.000000 0.092772216 0.022348635 -0.105536416 0.075081721 0.883868039 0.371819437 0.273661226
17615300916700.000000 0.094515935 0.023209937 -0.106417224 0.075300835 0.885411978 0.373882145 0.265683293
17615333600200.000000 0.094658270 0.022752948 -0.106217518 0.075843424 0.886998296 0.375667721 0.257596016
17615366466200.000000 0.094570577 0.021182485 -0.107615635 0.075901724 0.888386667 0.377820820 0.249518692
17615399425200.000000 0.094299406 0.021878682 -0.106333032 0.077512063 0.890471756 0.378856689 0.239832506
17615432296900.000000 0.096921414 0.021584705 -0.106817290 0.076125234 0.892461181 0.380116463 0.230715081
17615465438700.000000 0.102681190 0.023913309 -0.106211558 0.074211776 0.894560933 0.380877674 0.221778467
17615498607200.000000 0.101867415 0.021692500 -0.107845455 0.074120112 0.895341933 0.383479655 0.214038596
17615531244800.000000 0.104810402 0.022420377 -0.109155625 0.074527703 0.896574855 0.384893566 0.206049040
17615564601700.000000 0.104221582 0.022323608 -0.109552592 0.076316804 0.897402644 0.386751652 0.198160291
17615597556800.000000 0.110546961 0.020892255 -0.110299557 0.074244276 0.898503304 0.388991863 0.189380750
17615630694300.000000 0.102490053 0.025960572 -0.115341097 0.079843454 0.898693144 0.391023129 0.181869671
17615663109500.000000 0.101431437 0.025499806 -0.116218671 0.079875000 0.899715364 0.392605305 0.173185825
17615697311800.000000 0.104151778 0.026884086 -0.116093770 0.079644285 0.901046932 0.393438041 0.164249212
17615729543700.000000 0.104675949 0.026308462 -0.116887555 0.079912804 0.902165353 0.393828660 0.156878129
17615762374000.000000 0.105800651 0.026286058 -0.117295176 0.080352582 0.903481185 0.393388361 0.150036499
17615795384400.000000 0.105881885 0.028509557 -0.118206576 0.081066571 0.904591322 0.393066466 0.143672019
17615828289500.000000 0.106025778 0.027183972 -0.119181827 0.081861638 0.905382514 0.393589586 0.136632353
17615861316600.000000 0.107662298 0.031393841 -0.120268688 0.082143791 0.906409442 0.393680066 0.129191279
17615894869400.000000 0.106339186 0.034741551 -0.121802539 0.082113311 0.906964064 0.394487828 0.122690737
17615927251600.000000 0.105643466 0.038792960 -0.123592138 0.083014451 0.907413423 0.395373225 0.115713164
17615967692900.000000 0.104154229 0.039038241 -0.123045549 0.082663924 0.907636583 0.396482438 0.110291936
17615997785400.000000 0.102982514 0.044157796 -0.124109164 0.082206808 0.908076882 0.396868408 0.105517589
17616030911900.000000 0.100337274 0.037181579 -0.124735445 0.080953792 0.907747090 0.398954481 0.101376228
17616059368500.000000 0.102452725 0.042784043 -0.124627441 0.079126075 0.908762693 0.398015022 0.097332321
17616094555600.000000 0.096736252 0.043187141 -0.125535205 0.080007724 0.909183264 0.397350699 0.095378533
17616126674500.000000 0.095775679 0.043165468 -0.126551494 0.079884432 0.909808755 0.396647960 0.092395678
17616158456100.000000 0.094507121 0.041950695 -0.126640409 0.079240106 0.910313904 0.396408290 0.088939466
17616191297400.000000 0.092431307 0.041985929 -0.126888126 0.078378476 0.910626829 0.396599621 0.085582778
17616224291000.000000 0.088205501 0.041025855 -0.127886787 0.078309037 0.910571933 0.397500157 0.081976257
17616257344500.000000 0.086249836 0.039277397 -0.127563000 0.076694213 0.910916209 0.397824019 0.078010932
17616291077400.000000 0.081972517 0.040850654 -0.128179550 0.077059880 0.911437750 0.397257030 0.074363135
17616324306200.000000 0.078455299 0.044171639 -0.129392430 0.076732576 0.912189186 0.396160632 0.071272142
17616356462700.000000 0.075424209 0.041864373 -0.129935786 0.076759115 0.912422657 0.396265537 0.067576304
17616389886700.000000 0.075308159 0.041726954 -0.129671201 0.075611398 0.912576854 0.396880150 0.063028261
17616422362500.000000 0.071958974 0.040662691 -0.129536137 0.075630240 0.912065208 0.398690462 0.058848850
17616455347800.000000 0.070417091 0.039426029 -0.129020408 0.075394168 0.911834180 0.400000542 0.053608261
17616489633400.000000 0.069315448 0.038603730 -0.130231321 0.075557709 0.911737025 0.400937170 0.047708262
17616521384100.000000 0.067270681 0.036423363 -0.131056651 0.076499335 0.911842167 0.401174664 0.041841619
17616555594200.000000 0.066670224 0.037097916 -0.131432265 0.076599821 0.912404418 0.400445879 0.035969090
17616587116100.000000 0.065085217 0.035073712 -0.132944390 0.076436818 0.912723243 0.400205940 0.030479051
17616620353000.000000 0.062253755 0.037017144 -0.133734301 0.077658512 0.913235426 0.399159014 0.025345838
17616653637600.000000 0.067804046 0.041204337 -0.133928999 0.078542352 0.914198220 0.397181064 0.017886676
17616686618200.000000 0.068392389 0.042698037 -0.134455413 0.079390831 0.914564252 0.396423012 0.010870384
17616719242700.000000 0.069307953 0.042422295 -0.135711074 -0.080267817 -0.914690197 -0.396095395 -0.002702851
17616752245400.000000 0.068167925 0.044003163 -0.136146143 -0.081776612 -0.914620161 -0.395911157 0.006086058
17616785183400.000000 0.067904830 0.043427881 -0.136510789 -0.082733616 -0.914040208 -0.396806479 0.015176848
17616818220100.000000 0.069702096 0.045791656 -0.137765810 -0.082916670 -0.913614750 -0.397274792 0.024611110
17616851207300.000000 0.071218513 0.045969095 -0.138586149 -0.082346134 -0.913321495 -0.397480339 0.032747369
17616884233800.000000 0.074235976 0.050124153 -0.139910936 -0.081888653 -0.913543820 -0.396346003 0.040520892
17616917703200.000000 0.075402983 0.049891513 -0.140741616 -0.081370972 -0.913564026 -0.395694405 0.046961855
17616950422000.000000 0.076958328 0.049399186 -0.140316486 -0.081439026 -0.913360894 -0.395355165 0.053234261
17616983234400.000000 0.078277826 0.046293996 -0.139964640 -0.081457697 -0.912572980 -0.396332592 0.059125315
17617016486400.000000 0.077931263 0.047631752 -0.141059965 -0.081960343 -0.912193954 -0.396225393 0.064731888
17617049198300.000000 0.077684730 0.049845755 -0.141665459 -0.083485596 -0.911853969 -0.395538747 0.071426146
17617082325800.000000 0.078622542 0.050744537 -0.142144382 -0.084105797 -0.911143839 -0.395769864 0.078162797
17617115297800.000000 0.078427494 0.046028730 -0.141116515 -0.085043058 -0.910032749 -0.396642864 0.085337862
17617148213200.000000 0.078000918 0.043314684 -0.141202077 -0.086544894 -0.909151196 -0.396584153 0.093140669
17617181259800.000000 0.078006417 0.044178057 -0.141942501 -0.086999394 -0.908983350 -0.394977331 0.100862809
17617214790800.000000 0.077601507 0.045392793 -0.142578065 -0.087516047 -0.908652842 -0.393632114 0.108373828
17617247242100.000000 0.078523368 0.043418381 -0.142616093 -0.087059446 -0.908068836 -0.392898887 0.116026282
17617280286300.000000 0.077484161 0.041467302 -0.142124489 -0.086743787 -0.907529473 -0.392093331 0.122998469
17617313948600.000000 0.075354412 0.040024351 -0.143224329 -0.086529523 -0.906692684 -0.392033488 0.129347399
17617346399900.000000 0.072155967 0.040577825 -0.143012345 -0.086376898 -0.906031430 -0.391820639 0.134620607
17617379475500.000000 0.069411144 0.036269538 -0.143316105 -0.085898675 -0.904787183 -0.393332481 0.138820335
17617412453900.000000 0.069189459 0.037808221 -0.142769948 -0.084426805 -0.903959155 -0.394256651 0.142449066
17617446007800.000000 0.067963228 0.037611440 -0.142312184 -0.083005853 -0.903356433 -0.394844860 0.145447120
17617478486600.000000 0.066335127 0.038671385 -0.141866803 -0.081666932 -0.903225541 -0.394261777 0.148565948
17617511358200.000000 0.063048050 0.038509276 -0.141030550 -0.080856413 -0.903061748 -0.393509030 0.151962087
17617544373500.000000 0.060099542 0.036086205 -0.140583783 -0.079583526 -0.902653515 -0.393049031 0.156191021
17617577458000.000000 0.058981732 0.037392553 -0.140417248 -0.077484466 -0.902254343 -0.392333359 0.161269665
17617611099500.000000 0.056845412 0.038223222 -0.140069976 -0.075352520 -0.901659191 -0.392038763 0.166248068
17617643809300.000000 0.055194184 0.038175035 -0.139715657 -0.073686540 -0.900891483 -0.391909897 0.171381161
17617676852900.000000 0.051738381 0.038166221 -0.137810782 -0.073112287 -0.900306582 -0.391342580 0.175936669
17617716911100.000000 0.050451204 0.035159621 -0.137745962 -0.071249194 -0.899686038 -0.391012400 0.180548906
17617745802800.000000 0.048216879 0.037039351 -0.137293518 -0.069296308 -0.899286747 -0.390320241 0.184747353
17617775802300.000000 0.045874864 0.035256531 -0.137236044 -0.068284638 -0.898175657 -0.390859306 0.189332515
17617808846100.000000 0.043161482 0.039528165 -0.137441382 -0.067393132 -0.897452295 -0.390632123 0.193505079
17617841162600.000000 0.041786581 0.040444508 -0.136515737 -0.067335561 -0.896765471 -0.389735699 0.198453411
17617874270500.000000 0.037619859 0.039497662 -0.137648478 -0.067286439 -0.896028757 -0.389177382 0.202844754
17617907187400.000000 0.034544840 0.038083620 -0.138438940 -0.068123393 -0.894966841 -0.388387352 0.208683804
17617940134800.000000 0.037026718 0.039498273 -0.139049858 -0.066518500 -0.894094110 -0.386912882 0.215567946
17617973537200.000000 0.036276445 0.039501436 -0.139431491 -0.065985255 -0.892995536 -0.385659993 0.222421572
17618006498900.000000 0.035831481 0.041138612 -0.139944509 -0.065569326 -0.891831040 -0.384254277 0.229536176
17618040129700.000000 0.035386413 0.041447915 -0.140763566 -0.065384753 -0.890438199 -0.383392930 0.236335859
17618073164500.000000 0.033651739 0.041318312 -0.141158804 -0.066537343 -0.888948977 -0.382552266 0.242891699
17618105476000.000000 0.033396423 0.041633703 -0.141678810 -0.066771321 -0.887476623 -0.381496489 0.249774560
17618138616500.000000 0.035031542 0.041358035 -0.143405512 -0.066674173 -0.885711491 -0.380505562 0.257459074
17618173361400.000000 0.035931036 0.041772075 -0.143947273 -0.067876093 -0.883715808 -0.379126459 0.265899271
17618204860600.000000 0.035290956 0.042096935 -0.144911095 -0.069356680 -0.881437838 -0.377858818 0.274736017
17618237628700.000000 0.034946337 0.041654229 -0.145061225 -0.069546357 -0.879176021 -0.376350582 0.283854127
17618271293000.000000 0.035136938 0.040895082 -0.145965263 -0.068783805 -0.876968741 -0.374945521 0.292592615
17618303585500.000000 0.036978751 0.042672530 -0.147943944 -0.067304865 -0.874929786 -0.373110503 0.301258385
17618337249800.000000 0.031745821 0.042855829 -0.149955213 -0.069160707 -0.872953355 -0.372247338 0.307572991
17618369512900.000000 0.032440320 0.043258741 -0.150463462 -0.069484949 -0.871325910 -0.370760530 0.313846707
17618402505100.000000 0.033661485 0.043845925 -0.151172489 -0.069789216 -0.869460344 -0.369316131 0.320583463
17618435465400.000000 0.032378107 0.044521298 -0.153168201 -0.069842108 -0.867008448 -0.368559897 0.327997059
17618468601500.000000 0.031269819 0.044411141 -0.152925283 -0.069757894 -0.864524245 -0.367462605 0.335712612
17618502028300.000000 0.031178057 0.046622112 -0.155808374 -0.069452494 -0.861762941 -0.366075814 0.344281107
17618534798800.000000 0.029236808 0.045523148 -0.156323805 -0.068861239 -0.859705627 -0.364284515 0.351370484
17618567627600.000000 0.026292205 0.048193831 -0.158177972 -0.068284132 -0.858033538 -0.361881703 0.357990742
17618600701500.000000 0.026808530 0.046109881 -0.158039078 -0.067521028 -0.855940938 -0.360093713 0.364881665
17618633706600.000000 0.025718302 0.047766190 -0.157308519 -0.066974051 -0.853722632 -0.358373851 0.371807098
17618666692300.000000 0.025423661 0.045188606 -0.158920884 -0.066504270 -0.850757599 -0.357782871 0.379183650
17618699747800.000000 0.025300592 0.044853400 -0.158963814 -0.065643564 -0.848049879 -0.356753826 0.386301816
17618732784500.000000 0.023171544 0.046956550 -0.156744763 -0.064972512 -0.845699728 -0.355464339 0.392702997
17618765764100.000000 0.022790164 0.044417825 -0.158902869 -0.064678080 -0.842347741 -0.356032759 0.399384230
17618799020100.000000 0.023875505 0.047786094 -0.157515779 -0.063575409 -0.839562714 -0.355867773 0.405525386
17618831900300.000000 0.022247434 0.045320138 -0.157012388 -0.064005509 -0.836664259 -0.356270313 0.411056966
17618864888100.000000 0.020422727 0.046884824 -0.157386214 -0.062956080 -0.834398687 -0.355237663 0.416679233
17618897895700.000000 0.009449556 0.050337560 -0.150883555 -0.063102491 -0.833650589 -0.352879763 0.420143574
17618930988600.000000 0.009427771 0.050538860 -0.150670320 -0.061115075 -0.831785321 -0.350927353 0.425732583
17618964186200.000000 0.007155940 0.049939573 -0.148647383 -0.060031343 -0.830089808 -0.349502563 0.430343151
17618997128300.000000 0.005956173 0.049272273 -0.147469312 -0.058704875 -0.828226447 -0.348373294 0.435006738
17619030190300.000000 0.004380405 0.048095133 -0.146713331 -0.057645690 -0.826103032 -0.348297060 0.439226538
17619063168800.000000 0.003528446 0.047677696 -0.145432040 -0.056396734 -0.824196219 -0.347952873 0.443225533
17619097007800.000000 0.000105649 0.047322128 -0.141983330 -0.055508569 -0.822953820 -0.346946806 0.446423352
17619129110400.000000 -0.000703633 0.045034464 -0.142939866 -0.053342242 -0.821156919 -0.346310794 0.450471669
17619163417400.000000 -0.000832766 0.043421067 -0.141794816 -0.051609553 -0.819762588 -0.344503582 0.454580128
17619195808900.000000 -0.002362475 0.044514641 -0.141349658 -0.048738349 -0.818336844 -0.343385756 0.458296478
17619228277900.000000 -0.003887817 0.042095307 -0.138117805 -0.047543816 -0.816733360 -0.342289388 0.462086856
17619262184100.000000 -0.008095637 0.044207748 -0.138346076 -0.046445463 -0.814650476 -0.341031194 0.466781765
17619294775700.000000 -0.008600697 0.042605191 -0.137085453 -0.044955295 -0.812411487 -0.339640290 0.471816808
17619327675600.000000 -0.011240199 0.042322434 -0.133955449 -0.044775367 -0.809935510 -0.338113546 0.477157027
17619360422500.000000 -0.011675388 0.039854959 -0.134612247 -0.044580303 -0.806303561 -0.337804914 0.483502805
17619393704900.000000 -0.013180450 0.040401649 -0.136192709 -0.043704193 -0.802654982 -0.337471306 0.489844918
17619426437400.000000 -0.012691095 0.039184608 -0.135424197 -0.042448048 -0.799115777 -0.336601228 0.496298075
17619459145600.000000 -0.015896112 0.040456004 -0.133997098 -0.041618887 -0.795963049 -0.334922552 0.502531290
17619492763000.000000 -0.014978126 0.037964813 -0.139318272 -0.040211257 -0.791281819 -0.333659589 0.510810614
17619525487400.000000 -0.014950663 0.037214458 -0.138643324 -0.038696390 -0.787487030 -0.331086904 0.518409431
17619558117800.000000 -0.014472723 0.039428532 -0.142549217 -0.036295000 -0.782691717 -0.328201056 0.527598858
17619591164500.000000 -0.022980571 0.044493776 -0.141216159 -0.034750782 -0.778853178 -0.325305164 0.535123110
17619624130400.000000 -0.018407166 0.040266052 -0.141767412 -0.033978850 -0.773771167 -0.324474752 0.542991519
17619657222800.000000 -0.023116797 0.042960003 -0.140803397 -0.035527915 -0.769425273 -0.322251499 0.550342202
17619690789300.000000 -0.027269498 0.049810592 -0.139831632 -0.037484199 -0.765295684 -0.317594379 0.558615506
17619723390700.000000 -0.028243527 0.050189164 -0.139638335 -0.037854541 -0.760072351 -0.314445704 0.567433715
17619756227000.000000 -0.029614598 0.051531758 -0.141345680 -0.038101815 -0.753475547 -0.312073171 0.577436805
17619789621500.000000 -0.030785650 0.053560644 -0.140497923 -0.038374595 -0.747243464 -0.309254020 0.586955428
17619822558900.000000 -0.032025144 0.055622980 -0.141657546 -0.039169963 -0.741214752 -0.306619614 0.595861495
17619855237800.000000 -0.032662585 0.057506219 -0.141802832 -0.039472885 -0.736020207 -0.304632008 0.603254080
17619889857700.000000 -0.034096897 0.060919091 -0.140369296 -0.039055921 -0.731500983 -0.301977605 0.610074162
17619922687200.000000 -0.036231771 0.061681900 -0.140388221 -0.039650068 -0.725981951 -0.299835682 0.617637932
17619956004400.000000 -0.036868513 0.060077950 -0.141366586 -0.040746488 -0.719257236 -0.298209697 0.626162767
17619990301500.000000 -0.038131014 0.061027251 -0.139749080 -0.040628694 -0.712451100 -0.296127409 0.634878993
17620030604300.000000 -0.036429882 0.059092518 -0.139810860 -0.040773291 -0.705432594 -0.293686718 0.643778384
17620063413500.000000 -0.037925214 0.057444338 -0.137282372 -0.041544512 -0.699286520 -0.290832728 0.651681542
17620097250200.000000 -0.036580175 0.054784108 -0.139356017 -0.041716356 -0.692623854 -0.288624138 0.659718275
17620130968500.000000 -0.034619659 0.053466603 -0.139079005 -0.041597169 -0.686697006 -0.286799908 0.666680455
17620163471400.000000 -0.043384135 0.055439338 -0.131126404 -0.043896105 -0.683126509 -0.284641773 0.671111405
17620195842900.000000 -0.043010548 0.055156521 -0.130501062 -0.043535430 -0.678166270 -0.283488095 0.676631153
17620229381800.000000 -0.044119492 0.052333415 -0.127179533 -0.044563439 -0.673977315 -0.282034367 0.681340933
17620262073900.000000 -0.045208722 0.052918658 -0.124702781 -0.043001238 -0.669840515 -0.279992938 0.686344445
17620293235300.000000 -0.045464233 0.051977340 -0.121826552 -0.041550413 -0.666225910 -0.277542442 0.690931916
17620326354300.000000 -0.046547174 0.050868981 -0.118322141 -0.041712519 -0.662693679 -0.275489032 0.695128083
17620360570500.000000 -0.046037048 0.047206234 -0.117855266 -0.040912744 -0.658745885 -0.274100751 0.699463248
17620392889500.000000 -0.048928328 0.049737241 -0.113760382 -0.038429987 -0.655782521 -0.271893173 0.703240156
17620425115400.000000 -0.049786896 0.047828183 -0.109004214 -0.037538987 -0.652643502 -0.270095378 0.706891716
17620456163400.000000 -0.050881796 0.047008120 -0.107077584 -0.036810931 -0.648334026 -0.269500196 0.711110175
17620491795700.000000 -0.052326277 0.047608927 -0.099867389 -0.037736148 -0.645113349 -0.269011885 0.714169085
17620526540100.000000 -0.052262895 0.047657866 -0.096526757 -0.038654864 -0.640713513 -0.268909484 0.718108475
17620559492100.000000 -0.053773686 0.045361891 -0.092324488 -0.039976835 -0.636617303 -0.267882586 0.722052097
17620591537600.000000 -0.052917056 0.041309152 -0.092803523 -0.039035328 -0.631990373 -0.266001135 0.726847887
17620623278300.000000 -0.054768451 0.038391612 -0.087302297 -0.039725244 -0.628446102 -0.262400717 0.731179357
17620655477100.000000 -0.055783615 0.037851408 -0.082258217 -0.039939258 -0.624274433 -0.259233236 0.735856354
17620688603000.000000 -0.056586318 0.038531017 -0.081892386 -0.039826576 -0.618383646 -0.256275088 0.741848171
17620721370400.000000 -0.056195632 0.032797810 -0.079390392 -0.042422675 -0.613093972 -0.253711820 0.746958137
17620754747100.000000 -0.055707276 0.034590311 -0.080245920 -0.041809641 -0.607128561 -0.251092076 0.752728224
17620807250900.000000 -0.060352974 0.032674350 -0.068995878 -0.044376615 -0.604052544 -0.248515233 0.755904377
17620839462800.000000 -0.058648735 0.029953038 -0.070972867 -0.044196900 -0.595443010 -0.245642081 0.763645470
17620876805100.000000 -0.060700864 0.028638680 -0.075800791 -0.044389013 -0.588591278 -0.243478000 0.769615769
17620906170100.000000 -0.062202372 0.029695755 -0.075048849 -0.043234631 -0.582673311 -0.240220115 0.775188267
17620935091400.000000 -0.062998384 0.029272940 -0.073352136 -0.043336216 -0.578063548 -0.237492278 0.779462695
17620963421000.000000 -0.063630708 0.031015588 -0.073195979 -0.043049417 -0.572429717 -0.234376833 0.784562707
17620993855000.000000 -0.064737275 0.032928649 -0.073260337 -0.042891119 -0.566571593 -0.232656628 0.789321184
17621026506200.000000 -0.065933868 0.034718651 -0.074500144 -0.043138687 -0.559210658 -0.229338482 0.795503914
17621059444600.000000 -0.068236582 0.037665505 -0.074627489 -0.041496921 -0.551295817 -0.225490853 0.802187502
17621093556100.000000 -0.068269461 0.035162978 -0.074163839 -0.039972629 -0.543855250 -0.222061440 0.808277488
17621125891700.000000 -0.069306225 0.034703068 -0.074512996 -0.038115069 -0.536012113 -0.218053535 0.814672351
17621158586900.000000 -0.068113685 0.034357965 -0.076229751 -0.036975160 -0.528565228 -0.213208824 0.820849419
17621191471500.000000 -0.068226688 0.035569929 -0.078715123 -0.036079071 -0.521211147 -0.208577842 0.826760292
17621225054100.000000 -0.070340283 0.031718440 -0.076617017 -0.037820965 -0.514989495 -0.205339909 0.831378996
17621260095900.000000 -0.071327493 0.036825165 -0.080586918 -0.035470340 -0.506124496 -0.201379269 0.837870181
17621295679900.000000 -0.071833372 0.032065019 -0.078646354 -0.036830306 -0.498626560 -0.199329615 0.842782795
17621323544100.000000 -0.072426379 0.031444002 -0.079633735 -0.035505150 -0.490072787 -0.196888581 0.848412037
17621356541000.000000 -0.073578015 0.029465931 -0.077024281 -0.035895772 -0.482639670 -0.193961188 0.853316784
17621390079600.000000 -0.074910320 0.029684398 -0.077603012 -0.035090752 -0.474957943 -0.191643953 0.858170271
17621422609200.000000 -0.074686632 0.028970476 -0.075572334 -0.035079289 -0.468659997 -0.188208237 0.862383366
17621456787100.000000 -0.074997544 0.029327024 -0.075191416 -0.034281936 -0.461530119 -0.185754359 0.866781414
17621491365500.000000 -0.074990094 0.028836485 -0.073020414 -0.034440558 -0.454725862 -0.182904154 0.870967507
17621521521300.000000 -0.074452519 0.028443851 -0.072371885 -0.034493908 -0.447558284 -0.180771723 0.875113368
17621554502100.000000 -0.075223163 0.028665302 -0.071734399 -0.034476358 -0.439942002 -0.178529322 0.879425824
17621587698700.000000 -0.075127840 0.028273458 -0.070990197 -0.033734400 -0.433415711 -0.176448673 0.883107424
17621620524500.000000 -0.074499115 0.027753012 -0.066941530 -0.033493455 -0.428371787 -0.173562273 0.886144519
17621653546500.000000 -0.072901607 0.025135297 -0.066699557 -0.032201853 -0.423320353 -0.172190920 0.888883173
17621687029800.000000 -0.073030472 0.025924612 -0.067231692 -0.030353140 -0.417806059 -0.170462132 0.891885340
17621719712900.000000 -0.070688754 0.024239782 -0.066796251 -0.028944861 -0.413005382 -0.168919206 0.894457996
17621752827200.000000 -0.069619924 0.023760000 -0.066956714 -0.027853297 -0.407605290 -0.167037860 0.897318542
17621785983600.000000 -0.067834646 0.021010473 -0.066939354 -0.028035710 -0.402152896 -0.165157899 0.900116622
17621818505600.000000 -0.063424677 0.016664961 -0.062774256 -0.027656108 -0.399163961 -0.163170546 0.901819646
17621851688400.000000 -0.061685897 0.014278050 -0.061065432 -0.026766345 -0.394532412 -0.161114037 0.904251158
17621885540300.000000 -0.059421267 0.016960625 -0.048924778 -0.025271926 -0.392684579 -0.155827463 0.906023204
17621919467400.000000 -0.059381545 0.016860610 -0.047523178 -0.023300972 -0.387748063 -0.152584925 0.908749938
17621950956600.000000 -0.059240468 0.015810138 -0.046797290 -0.021350274 -0.382662624 -0.149807945 0.911411643
17622004733400.000000 -0.056240641 0.013236670 -0.043455660 -0.020339830 -0.379188925 -0.146577269 0.913409650
17622035796400.000000 -0.054351315 0.011868845 -0.042024814 -0.018312449 -0.373576492 -0.143836409 0.916196704
17622067885200.000000 -0.054259215 0.010713911 -0.040236644 -0.017232671 -0.369631916 -0.142896205 0.917963028
17622097664800.000000 -0.053384922 0.010531665 -0.039072514 -0.016070830 -0.365914166 -0.140885070 0.919782579
17622126724600.000000 -0.053188719 0.009828854 -0.036803328 -0.015819121 -0.363008708 -0.139718056 0.921115279
17622157581500.000000 -0.050473914 0.009399673 -0.034366310 -0.015510337 -0.360942334 -0.138444856 0.922124326
17622188486500.000000 -0.049476892 0.008364637 -0.031675447 -0.015854366 -0.357994050 -0.137929291 0.923344195
17622221632200.000000 -0.049790643 0.007407719 -0.030344615 -0.015975188 -0.354059219 -0.137300119 0.924951673
17622254530900.000000 -0.051719531 0.006500499 -0.029388921 -0.016503785 -0.349587828 -0.136355594 0.926781058
17622288180500.000000 -0.051256679 0.006707766 -0.028944002 -0.016313698 -0.345869154 -0.134462237 0.928454876
17622320533100.000000 -0.052526560 0.006612257 -0.028253496 -0.016735099 -0.341133446 -0.131289914 0.930650830
17622353558300.000000 -0.048438929 0.004444144 -0.023441229 -0.018199336 -0.338872284 -0.127340913 0.931997180
17622386961300.000000 -0.048509061 0.002294823 -0.023202613 -0.020115726 -0.333412945 -0.123663664 0.934418857
17622419467400.000000 -0.050280210 0.004050186 -0.021171486 -0.020331301 -0.327486187 -0.120425738 0.936929643
17622452536400.000000 -0.050366543 0.003974834 -0.021358171 -0.021549236 -0.321225703 -0.115959048 0.939629376
17622485709700.000000 -0.051377892 0.004260534 -0.020419803 -0.021658089 -0.314373136 -0.111799188 0.942444384
17622518508100.000000 -0.055551894 0.001826563 -0.027182814 -0.021366984 -0.305276215 -0.109901190 0.945659399
17622551623300.000000 -0.049888905 0.001845031 -0.019097773 -0.021149794 -0.302799672 -0.104890734 0.947028577
17622584515100.000000 -0.051932421 0.003271225 -0.023322625 -0.020203765 -0.295883805 -0.102708630 0.949471235
17622617496900.000000 -0.049672708 0.001129320 -0.019506160 -0.022102222 -0.292403430 -0.098769486 0.950923979
17622651282600.000000 -0.050145209 0.000801069 -0.021064144 -0.022590900 -0.286519617 -0.095453046 0.953039885
17622683747500.000000 -0.050687805 -0.003653666 -0.021707561 -0.023711152 -0.280152202 -0.092329666 0.955210924
17622717633900.000000 -0.056691032 0.004565946 -0.023069002 -0.019088034 -0.270422429 -0.088678151 0.958458960
17622749463600.000000 -0.059594698 0.003163297 -0.028503956 -0.018291874 -0.260743856 -0.085772701 0.961416245
17622782545100.000000 -0.055928409 0.000733161 -0.020309642 -0.018891284 -0.257145554 -0.081477009 0.962746501
17622815569800.000000 -0.055197671 0.001582389 -0.018787939 -0.017671412 -0.251367658 -0.078183070 0.964567006
17622848519900.000000 -0.054408982 -0.000385989 -0.018607209 -0.018055733 -0.245750010 -0.075557575 0.966215253
17622881582400.000000 -0.053736322 0.000750928 -0.017154904 -0.017510699 -0.240159452 -0.073141553 0.967815697
17622914610500.000000 -0.053147916 -0.000078332 -0.015995180 -0.017957803 -0.234591648 -0.070701838 0.969353199
17622948243400.000000 -0.053684786 0.000632394 -0.015615894 -0.017317548 -0.228729740 -0.069268197 0.970868051
17622980481200.000000 -0.052758727 -0.000349870 -0.014490748 -0.017666612 -0.224165767 -0.067261636 0.972066641
17623013603300.000000 -0.052172601 -0.000730620 -0.013800601 -0.017602181 -0.219258606 -0.065250456 0.973323345
17623046826000.000000 -0.052403055 -0.000005881 -0.013372034 -0.016504424 -0.213675573 -0.063726537 0.974684238
17623080370900.000000 -0.049916890 0.000041974 -0.009653259 -0.015481728 -0.209291905 -0.061745048 0.975779116
17623113975300.000000 -0.047047250 -0.001197868 -0.008456718 -0.014725179 -0.205261141 -0.060267247 0.976738930
17623147034400.000000 -0.045401879 -0.002215737 -0.006440590 -0.014436471 -0.201871678 -0.059320509 0.977507293
17623178685800.000000 -0.043991942 -0.002895833 -0.006189899 -0.013737274 -0.198902234 -0.059158832 0.978135765
17623211654400.000000 -0.042156454 -0.002671193 -0.005371028 -0.012308941 -0.196902558 -0.058712091 0.978586137
17623244906900.000000 -0.037334543 -0.006338610 -0.001507871 -0.012442666 -0.196041942 -0.058095884 0.978794038
17623277588300.000000 -0.037046302 -0.007453131 -0.002844584 -0.011560220 -0.191530943 -0.057640813 0.979724348
17623311039300.000000 -0.033772577 -0.006654050 0.000801706 -0.010542047 -0.188278079 -0.056593020 0.980427206
17623344404000.000000 -0.028401371 -0.010641006 0.003003996 -0.011324570 -0.185732678 -0.055729747 0.980953336
17623377714400.000000 -0.027394794 -0.011198618 0.003556296 -0.010346676 -0.181827471 -0.054521836 0.981763244
17623411394200.000000 -0.028187692 -0.006731081 0.005978383 -0.007028147 -0.178121954 -0.053999424 0.982500494
17623444008500.000000 -0.027275559 -0.010335660 0.004066866 -0.007300929 -0.174460247 -0.052504547 0.983236313
17623476033000.000000 -0.024877312 -0.009855337 0.007459128 -0.006395916 -0.171401545 -0.050134972 0.983904064
17623508585500.000000 -0.022974240 -0.012840763 0.008144495 -0.006782919 -0.166950062 -0.048253328 0.984760582
17623541537400.000000 -0.023028644 -0.011732468 0.005491178 -0.005297674 -0.160497829 -0.045979258 0.985950470
17623574708100.000000 -0.026185373 -0.008015802 0.008052330 -0.002512230 -0.154035494 -0.042980682 0.987126887
17623607522000.000000 -0.024716286 -0.008495526 0.008090409 -0.001813023 -0.148483783 -0.039758060 0.988113701
17623662811700.000000 -0.023965031 -0.008099001 0.008534504 -0.000584185 -0.142240196 -0.036660280 0.989152968
17623693428500.000000 -0.024377750 -0.007419233 0.009854774 0.000386950 -0.133741617 -0.033939309 0.990434885
17623726704100.000000 -0.024349967 -0.007886042 0.009917341 0.000452756 -0.127737597 -0.031664733 0.991302371
17623755990800.000000 -0.024130827 -0.008489761 0.010245947 0.000531681 -0.121081002 -0.028079018 0.992245317
17623785445700.000000 -0.022962395 -0.008816975 0.010217384 0.001357743 -0.115093350 -0.023922326 0.993065715
17623815296500.000000 -0.024764111 -0.010392546 0.007882440 0.001723235 -0.106760144 -0.019249061 0.994096994
17623846345600.000000 -0.025476290 -0.010252268 0.008743158 0.002818363 -0.098291546 -0.013840946 0.995057464
17623879587200.000000 -0.027100746 -0.010672485 0.007643523 0.003647084 -0.088524222 -0.008843680 0.996028125
17623912711800.000000 -0.028324751 -0.009267723 0.006952237 0.004595893 -0.078933574 -0.004705319 0.996858239
17623945820100.000000 -0.028715121 -0.008849397 0.006508545 0.004900231 -0.070252597 -0.000714415 0.997516990
17623978534400.000000 -0.028738605 -0.009464271 0.005804878 0.004852814 -0.062412765 0.003465876 0.998032689
17624011959400.000000 -0.028631255 -0.011550338 0.004840283 0.004136524 -0.054606769 0.007600161 0.998470485
17624044486500.000000 -0.031189211 -0.010481286 0.006954516 0.004832893 -0.045244426 0.012293325 0.998888671
17624077497900.000000 -0.030568076 -0.011864563 0.003914934 0.004474971 -0.035963550 0.016599566 0.999205232
17624111056000.000000 -0.025373023 -0.011782727 0.006346417 0.004451107 -0.028573886 0.021241490 0.999356091
17624145116200.000000 -0.025303444 -0.010919837 0.007770311 0.004997886 -0.019894995 0.025047431 0.999475777
17624178407600.000000 -0.025050454 -0.010803265 0.008183564 0.005123693 -0.011902195 0.029188944 0.999489963
17624210383000.000000 -0.024324009 -0.011427226 0.007103517 0.004724172 -0.004285581 0.032160040 0.999462366
17624244356900.000000 -0.021525068 -0.011633025 0.007781269 0.003882941 0.002061446 0.036586706 0.999320865
17624276635100.000000 -0.020753790 -0.011342757 0.006857757 0.003501438 0.009304705 0.040616088 0.999125361
17624308471100.000000 -0.019656003 -0.012689578 0.006031588 0.002514912 0.016082499 0.043397445 0.998925328
17624343411500.000000 -0.016088268 -0.011779877 0.006351107 0.002836371 0.021155762 0.047500797 0.998643100
17624374699600.000000 -0.015715433 -0.013320465 0.004310808 0.003225727 0.027143452 0.049657591 0.998392224
17624407567000.000000 -0.013516176 -0.011643644 0.005088854 0.005398138 0.031496633 0.052497018 0.998109639
17624440460700.000000 -0.010263012 -0.012706285 0.003876817 0.007175186 0.035475269 0.054344032 0.997866154
17624474179000.000000 -0.007684070 -0.012561768 0.004403313 0.009002961 0.039202109 0.055485774 0.997649014
17624507258300.000000 -0.005790262 -0.013092396 0.003960324 0.010621049 0.043366898 0.056386217 0.997410178
17624539397000.000000 -0.002358145 -0.013215096 0.002576807 0.011776414 0.046120431 0.057589229 0.997205019
17624573098100.000000 0.000437660 -0.012829464 0.002147972 0.012501338 0.048270427 0.057719640 0.997086883
17624606421100.000000 0.003145545 -0.013455354 0.000481905 0.013129862 0.049906597 0.057748877 0.996996522
17624638696100.000000 0.007019988 -0.013309447 -0.000721952 0.014390599 0.050838977 0.058284007 0.996900856
17624671526800.000000 0.009215258 -0.012657841 -0.000591631 0.015777431 0.052783813 0.058097947 0.996789694
17624705745100.000000 0.012642488 -0.012581832 -0.000043130 0.016863203 0.054697692 0.057857543 0.996682644
17624737413600.000000 0.014999039 -0.012740049 0.000052998 0.017260157 0.057042737 0.057498205 0.996565223
17624771304300.000000 0.016463900 -0.011943190 0.001626249 0.017896002 0.059901159 0.056421310 0.996447861
17624803397800.000000 0.024021672 -0.011143538 0.002469192 0.018034412 0.060841553 0.057592336 0.996321321
17624836380200.000000 0.026875513 -0.010329976 0.002005798 0.018014668 0.063554294 0.057266701 0.996171117
17624869505700.000000 0.030673876 -0.009761777 0.004891623 0.017654372 0.066396318 0.056375243 0.996043086
17624903332600.000000 0.032003410 -0.008616608 0.004189757 0.017918859 0.070091344 0.056345046 0.995786786
17624935497800.000000 0.036235757 -0.010293638 0.002879208 0.017869364 0.072396569 0.057006232 0.995585144
17624969056700.000000 0.038569558 -0.008757069 0.005477298 0.018655149 0.075378373 0.057313900 0.995331764
17625002105100.000000 0.041409049 -0.008060433 0.004731253 0.019056041 0.078326762 0.057877112 0.995063841
17625034579900.000000 0.041261736 -0.008676779 0.004637534 0.018997289 0.082874194 0.058541793 0.994657636
17625067624800.000000 0.044287596 -0.007228569 0.008141433 0.019328918 0.086838558 0.059487630 0.994256914
17625102174600.000000 0.045678969 -0.007546655 0.007574177 0.018861922 0.091464110 0.059697159 0.993838429
17625134890200.000000 0.044969194 -0.006921667 0.008690464 0.019008515 0.096465550 0.060568400 0.993309915
17625167428400.000000 0.043715339 -0.010404269 0.003080213 0.018368458 0.100906663 0.061422959 0.992828131
17625200207600.000000 0.044083893 -0.010835408 0.003675944 0.018850924 0.105254814 0.063501611 0.992236674
17625232423300.000000 0.044089753 -0.010265241 0.004906081 0.019906875 0.110208325 0.067315288 0.991426528
17625265361800.000000 0.044448677 -0.010512415 0.004720482 0.019358817 0.115337536 0.069862030 0.990677476
17625298358000.000000 0.044485804 -0.010186288 0.004703420 0.018658835 0.121512882 0.073083945 0.989719808
17625331371900.000000 0.044960003 -0.010613062 0.006143300 0.016754298 0.127147615 0.076322630 0.988801181
17625364440100.000000 0.044764355 -0.010614903 0.004898671 0.015236921 0.132044435 0.078240193 0.988033712
17625397359300.000000 0.044938333 -0.010126735 0.004935832 0.014360461 0.135900542 0.079798669 0.987399101
17625430543200.000000 0.044678044 -0.010289385 0.004630957 0.013522631 0.138810426 0.080868572 0.986919045
17625463608300.000000 0.043630451 -0.010016462 0.003706908 0.012811320 0.141323730 0.081105515 0.986552358
17625496855900.000000 0.043519381 -0.009244678 0.004234185 0.012705285 0.143457338 0.081259727 0.986232936
17625530034700.000000 0.042413577 -0.010860970 0.001421509 0.012395810 0.145300746 0.080611020 0.986020267
17625562412700.000000 0.040857926 -0.009323881 0.003758939 0.013524680 0.147606239 0.080242060 0.985693038
17625595400700.000000 0.040200844 -0.009249103 0.002111851 0.014072368 0.149654478 0.079959951 0.985399425
17625628439900.000000 0.038628258 -0.010120773 0.000335626 0.014602499 0.151529342 0.079923920 0.985108078
