#timestamp [ns],p_RS_R_x [m],p_RS_R_y [m],p_RS_R_z [m],q_RS_w [],q_RS_x [],q_RS_y [],q_RS_z []
17605034187400,0.12181494,0.59336275,0.53109324,0.8478225272398758,-0.10610905129882053,-0.5129212735138471,-0.0827623024932699
17605066992300,0.12181494,0.59336275,0.53109324,0.8478225272398758,-0.10610905129882053,-0.5129212735138471,-0.0827623024932699
17605100515700,0.12181494,0.59336275,0.53109324,0.8478225272398758,-0.10610905129882053,-0.5129212735138471,-0.0827623024932699
17605133240900,0.12181494,0.59336275,0.53109324,0.8478225272398758,-0.10610905129882053,-0.5129212735138471,-0.0827623024932699
17605165924900,0.12181494,0.59336275,0.53109324,0.8478225272398758,-0.10610905129882053,-0.5129212735138471,-0.0827623024932699
17605198951400,0.12181494,0.59336275,0.53109324,0.8478225272398758,-0.10610905129882053,-0.5129212735138471,-0.0827623024932699
17605231980900,0.12181494,0.59336275,0.53109324,0.8478225272398758,-0.10610905129882053,-0.5129212735138471,-0.0827623024932699
17605264916000,0.12181494,0.59336275,0.53109324,0.8478225272398758,-0.10610905129882053,-0.5129212735138471,-0.0827623024932699
17605299153400,0.12181494,0.59336275,0.53109324,0.8478225272398758,-0.10610905129882053,-0.5129212735138471,-0.0827623024932699
17605331702400,0.12181494,0.59336275,0.53109324,0.8478225272398758,-0.10610905129882053,-0.5129212735138471,-0.0827623024932699
17605363858200,0.12181494,0.59336275,0.53109324,0.8478225272398758,-0.10610905129882053,-0.5129212735138471,-0.0827623024932699
17605397117600,0.12181494,0.59336275,0.53109324,0.8478225272398758,-0.10610905129882053,-0.5129212735138471,-0.0827623024932699
17605430071500,0.12181494,0.59336275,0.53109324,0.8478225272398758,-0.10610905129882053,-0.5129212735138471,-0.0827623024932699
17605463042100,0.12181494,0.59336275,0.53109324,0.8478225272398758,-0.10610905129882053,-0.5129212735138471,-0.0827623024932699
17605515446900,0.12181494,0.59336275,0.53109324,0.8478225272398758,-0.10610905129882053,-0.5129212735138471,-0.0827623024932699
17605544835100,0.12181494,0.59336275,0.53109324,0.8478225272398758,-0.10610905129882053,-0.5129212735138471,-0.0827623024932699
17605573262100,0.12181494,0.59336275,0.53109324,0.8478225272398758,-0.10610905129882053,-0.5129212735138471,-0.0827623024932699
17605600687200,0.12181494,0.59336275,0.53109324,0.8478225272398758,-0.10610905129882053,-0.5129212735138471,-0.0827623024932699
17605632103900,0.12181494,0.59336275,0.53109324,0.8478225272398758,-0.10610905129882053,-0.5129212735138471,-0.0827623024932699
17605665594000,0.12181494,0.59336275,0.53109324,0.8478225272398758,-0.10610905129882053,-0.5129212735138471,-0.0827623024932699
17605698675100,0.12181494,0.59336275,0.53109324,0.8478225272398758,-0.10610905129882053,-0.5129212735138471,-0.0827623024932699
17605731927500,0.12181494,0.59336275,0.53109324,0.8478225272398758,-0.10610905129882053,-0.5129212735138471,-0.0827623024932699
17605764559300,0.12181494,0.59336275,0.53109324,0.8478225272398758,-0.10610905129882053,-0.5129212735138471,-0.0827623024932699
17605798225400,0.12183934,0.5933135,0.53106594,0.8479071049412948,-0.10673202052331124,-0.5126507253128039,-0.08277107599481533
17605831363100,0.12180782,0.5933194,0.530952,0.8482671477189765,-0.10717592369682571,-0.5120096893064242,-0.08247572695516771
17605863579600,0.12180782,0.5933194,0.530952,0.8482671477189765,-0.10717592369682571,-0.5120096893064242,-0.08247572695516771
17605896472100,0.12182602,0.5934044,0.5308868,0.8485406428551987,-0.10734279587484342,-0.5116131132700121,-0.0819043584116484
17605929395900,0.12193403,0.593501,0.5310095,0.8487215979595084,-0.1072267389993864,-0.5114276670393328,-0.08133767262050923
17605962371200,0.12193403,0.593501,0.5310095,0.8487215979595084,-0.1072267389993864,-0.5114276670393328,-0.08133767262050923
17605995690400,0.12211034,0.5935072,0.53124225,0.848651351554872,-0.10712117854637734,-0.511560725497926,-0.08137297302519833
17606028934500,0.12236963,0.5934536,0.5315057,0.8484541529472971,-0.10716977563330735,-0.511822265974753,-0.0817199950419749
17606061372700,0.12236963,0.5934536,0.5315057,0.8484541529472971,-0.10716977563330735,-0.511822265974753,-0.0817199950419749
17606095161200,0.1226085,0.5934974,0.5316978,0.8482972588864974,-0.10704163482931099,-0.5120624880830817,-0.08201132407714763
17606127477700,0.12290741,0.5935214,0.53189826,0.8482538016952851,-0.10669320596509531,-0.5121919015074601,-0.0821066607563471
17606160527900,0.12290741,0.5935214,0.53189826,0.8482538016952851,-0.10669320596509531,-0.5121919015074601,-0.0821066607563471
17606193412500,0.123189546,0.59362805,0.53195846,0.8488752526283496,-0.10541578410005052,-0.511510571481763,-0.08157973522957263
17606226987400,0.12327832,0.5936086,0.5320872,0.8495516739613688,-0.10540549411743694,-0.5103887517162895,-0.08157792103739188
17606259314800,0.123383015,0.5935597,0.5321507,0.8496891606504745,-0.10561698458597958,-0.5101314862390156,-0.08148159048294408
17606293396900,0.123383015,0.5935597,0.5321507,0.8496891606504745,-0.10561698458597958,-0.5101314862390156,-0.08148159048294408
17606325398800,0.12343429,0.59342474,0.5323281,0.849386650724845,-0.1062479520116143,-0.510545216854527,-0.08122359146659296
17606358395300,0.12344462,0.5933066,0.53245616,0.8491169911104747,-0.10714220214015285,-0.5108611202646597,-0.08088139297755363
17606391362400,0.12344462,0.5933066,0.53245616,0.8491169911104747,-0.10714220214015285,-0.5108611202646597,-0.08088139297755363
17606424679900,0.1234086,0.59324896,0.5325607,0.8493822542119731,-0.10723490473659426,-0.5104604961842871,-0.08050182153971383
17606457279500,0.12340686,0.59327054,0.53268313,0.8497270170211784,-0.10696466459397344,-0.5099869543130496,-0.08022383375960167
17606491153500,0.12340686,0.59327054,0.53268313,0.8497270170211784,-0.10696466459397344,-0.5099869543130496,-0.08022383375960167
17606523370500,0.12339382,0.59326863,0.5330952,0.8497031232485303,-0.1070342531625873,-0.5100558880067374,-0.07994536947990487
17606556421700,0.12344931,0.5932303,0.53364366,0.8494598629751846,-0.10747008897589518,-0.5104270491088054,-0.07957605612099022
17606589328700,0.12344931,0.5932303,0.53364366,0.8494598629751846,-0.10747008897589518,-0.5104270491088054,-0.07957605612099022
17606622429200,0.12354733,0.5931978,0.5340644,0.8493967140811469,-0.10769087506634548,-0.5105007088366937,-0.07947907783076336
17606655810400,0.12373792,0.5931982,0.53468204,0.8494243514257844,-0.10762459519678735,-0.5104519955051003,-0.07958629278006481
17606689115900,0.12373792,0.5931982,0.53468204,0.8494243514257844,-0.10762459519678735,-0.5104519955051003,-0.07958629278006481
17606721325000,0.124111265,0.59316534,0.53552943,0.8492112140462297,-0.10734683909182471,-0.5107734724137651,-0.0801712539100336
17606754430400,0.12447877,0.59304297,0.536366,0.8486565938974786,-0.10751675504032504,-0.5115207172602633,-0.08104744803801547
17606787758500,0.12481737,0.59295934,0.53698283,0.848364454997246,-0.10780271154702456,-0.511862027605155,-0.08156955054598616
17606821166700,0.12481737,0.59295934,0.53698283,0.848364454997246,-0.10780271154702456,-0.511862027605155,-0.08156955054598616
17606853331200,0.12526798,0.59296113,0.5376547,0.848497743961291,-0.10773845014459252,-0.5116295690308987,-0.08172630510611238
17606886761700,0.12575601,0.5929985,0.5382629,0.8488025669243713,-0.10757888809040415,-0.511115886747201,-0.08198497139386461
17606919592300,0.12575601,0.5929985,0.5382629,0.8488025669243713,-0.10757888809040415,-0.511115886747201,-0.08198497139386461
17606952226100,0.12619075,0.5929666,0.5387058,0.8489051666340479,-0.10744616311085113,-0.5109258069176861,-0.08228098152238505
17606985743100,0.12668698,0.5929283,0.5391588,0.8485881778910845,-0.1077575827511734,-0.5113469810113301,-0.08252679997256421
17607018374600,0.12668698,0.5929283,0.5391588,0.8485881778910845,-0.1077575827511734,-0.5113469810113301,-0.08252679997256421
17607051348300,0.12724197,0.59295607,0.5393738,0.8481018717172273,-0.10757652373336626,-0.5122329133262461,-0.08226754667842305
17607084518300,0.12766322,0.5929275,0.53939956,0.8477067003581656,-0.1079352950755871,-0.5128245076479867,-0.08218483193641739
17607117405800,0.12800455,0.59279746,0.5391817,0.8475444322704215,-0.10906722362436677,-0.5128970072114805,-0.08191114729869016
17607150505800,0.12800455,0.59279746,0.5391817,0.8475444322704215,-0.10906722362436677,-0.5128970072114805,-0.08191114729869016
17607183390600,0.12828133,0.5926564,0.5388897,0.8478241721302504,-0.11006263748992608,-0.5123265927214414,-0.08125177764735257
17607218931500,0.12840608,0.5925274,0.53850114,0.8480122756205118,-0.11127785339333404,-0.5118319424688801,-0.08074950408284844
17607250381600,0.12840608,0.5925274,0.53850114,0.8480122756205118,-0.11127785339333404,-0.5118319424688801,-0.08074950408284844
17607282494800,0.12845866,0.592468,0.538213,0.8479514097698311,-0.11223283691415921,-0.5118289800513318,-0.08008303295435999
17607316273100,0.12852147,0.5927141,0.53814435,0.8475030078030354,-0.11195768331807958,-0.5127694781527741,-0.07919337842135882
17607348301200,0.12852147,0.5927141,0.53814435,0.8475030078030354,-0.11195768331807958,-0.5127694781527741,-0.07919337842135882
17607382628600,0.12854972,0.5934838,0.53823364,0.846716072749756,-0.1089881230882209,-0.5150178405735378,-0.0771369241278564
17607414636800,0.12869495,0.5947323,0.5386485,0.845380200205996,-0.10363804334187846,-0.5187923935954262,-0.0737965135996648
17607448081800,0.12879696,0.5960402,0.53946155,0.8431531457513008,-0.09747682539879883,-0.5241242397758783,-0.06989150591606494
17607480502700,0.12879696,0.5960402,0.53946155,0.8431531457513008,-0.09747682539879883,-0.5241242397758783,-0.06989150591606494
17607513340100,0.12885988,0.5971158,0.5406754,0.8399903263886276,-0.09263870883011285,-0.5304367953347265,-0.06686648902732906
17607546359200,0.12890114,0.5977695,0.54213524,0.83657544791214,-0.0898296548937413,-0.5364791164964304,-0.0652863738883006
17607579232500,0.12890114,0.5977695,0.54213524,0.83657544791214,-0.0898296548937413,-0.5364791164964304,-0.0652863738883006
17607612343300,0.12897722,0.59817344,0.54374146,0.8332175294063352,-0.08774553212495213,-0.5420815150614535,-0.06478349566665059
17607646312700,0.12908264,0.59831166,0.5453119,0.8306321475662382,-0.08650098238043602,-0.5462651258840764,-0.06451532933786043
17607678948900,0.12908264,0.59831166,0.5453119,0.8306321475662382,-0.08650098238043602,-0.5462651258840764,-0.06451532933786043
17607711288900,0.12914339,0.59824497,0.5469671,0.8285095447015828,-0.08641081003165825,-0.5495220610855194,-0.06426982673363474
17607744719400,0.12907276,0.5979155,0.54869187,0.8269826477125973,-0.08691914804625854,-0.5517197003221574,-0.0644215364734768
17607781231900,0.12896906,0.597765,0.55056566,0.8258126743108537,-0.08737319287963088,-0.5533943517584828,-0.06445187006893725
17607811124900,0.12896906,0.597765,0.55056566,0.8258126743108537,-0.08737319287963088,-0.5533943517584828,-0.06445187006893725
17607843509300,0.12900355,0.5981567,0.55225784,0.824806750834488,-0.08693480570721605,-0.5549858684180184,-0.06424055721116906
17607876356400,0.12921765,0.598924,0.55365485,0.8235891506010617,-0.08550613332010049,-0.5570348192884574,-0.0640454703873938
17607912151800,0.12921765,0.598924,0.55365485,0.8235891506010617,-0.08550613332010049,-0.5570348192884574,-0.0640454703873938
17607942546800,0.12958077,0.599745,0.5544285,0.8218621831940138,-0.08335086936524509,-0.5599425879265215,-0.06371406938641386
17607977430600,0.12999687,0.600609,0.55427253,0.8200450400028122,-0.08192898988229178,-0.5628841395640878,-0.06304933315150997
17608009442200,0.12999687,0.600609,0.55427253,0.8200450400028122,-0.08192898988229178,-0.5628841395640878,-0.06304933315150997
17608044170800,0.13064568,0.6016788,0.5527563,0.8173841431864226,-0.08031201649533315,-0.5670465249840662,-0.06238093440584044
17608076359400,0.13117284,0.60222197,0.5505293,0.8146368900799543,-0.07921090648301109,-0.5711000648856165,-0.06274619910914982
17608107937700,0.13117284,0.60222197,0.5505293,0.8146368900799543,-0.07921090648301109,-0.5711000648856165,-0.06274619910914982
17608145624700,0.13215883,0.60255253,0.54619175,0.8102106067985466,-0.0769555550337545,-0.5776758412918283,-0.0626676756259249
17608173341500,0.13310671,0.6024529,0.5424654,0.8068563949766602,-0.07432642923597099,-0.5827522014001457,-0.06211450366526256
17608206558000,0.13310671,0.6024529,0.5424654,0.8068563949766602,-0.07432642923597099,-0.5827522014001457,-0.06211450366526256
17608240053700,0.13423645,0.60217655,0.53758687,0.8027177535123816,-0.07103240443412033,-0.5887857262781107,-0.06268950667775895
17608272583200,0.13543734,0.6028662,0.5314638,0.7976373776289721,-0.06793516293836198,-0.5957050965986406,-0.06553522207270626
17608307000100,0.13543734,0.6028662,0.5314638,0.7976373776289721,-0.06793516293836198,-0.5957050965986406,-0.06553522207270626
17608341132800,0.13618867,0.60355353,0.52678335,0.7938841117850627,-0.06500473569229967,-0.600853236500734,-0.06706556179895574
17608371363000,0.13671905,0.60400385,0.5209137,0.7890482947462453,-0.06327190949179409,-0.6072104408324414,-0.06851959260953643
17608404291800,0.1371144,0.60426915,0.51657915,0.7857231391663646,-0.06142613718999614,-0.6116516596288641,-0.06890736913948692
17608437329600,0.1371144,0.60426915,0.51657915,0.7857231391663646,-0.06142613718999614,-0.6116516596288641,-0.06890736913948692
17608471020800,0.13739172,0.60438,0.5115635,0.781575447391803,-0.05925457028468658,-0.6169568145629595,-0.07066119797318876
17608503459700,0.13753939,0.60443646,0.5066611,0.7773403171947811,-0.059104916312237694,-0.6220912170309313,-0.072464873036633
17608536535900,0.13753939,0.60443646,0.5066611,0.7773403171947811,-0.059104916312237694,-0.6220912170309313,-0.072464873036633
17608569383500,0.13802075,0.60480624,0.5019621,0.7731185653043986,-0.05855739229021023,-0.6273790504910693,-0.07248615588347264
17608602482100,0.13904858,0.60530025,0.49769503,0.7690528580230975,-0.05830286587530388,-0.6325208502165678,-0.0712450099202882
17608635292200,0.13904858,0.60530025,0.49769503,0.7690528580230975,-0.05830286587530388,-0.6325208502165678,-0.0712450099202882
17608668260300,0.14064011,0.60580873,0.49420464,0.7653386821833851,-0.05805373452307675,-0.6371065765759223,-0.0705809857215958
17608701456000,0.14238165,0.60646987,0.49163765,0.7617031942530509,-0.06051060125632058,-0.6410417536985392,-0.07219543625049346
17608734334600,0.14238165,0.60646987,0.49163765,0.7617031942530509,-0.06051060125632058,-0.6410417536985392,-0.07219543625049346
17608767400300,0.1437329,0.6069918,0.49082822,0.7586076453554319,-0.06237419807629543,-0.6443037751319612,-0.074138688775358
17608800733100,0.1452161,0.6072491,0.49098668,0.7549196625825381,-0.06243606405452217,-0.6486064889625128,-0.07421363370276597
17608833390100,0.14632066,0.6065255,0.49237254,0.7514900778004758,-0.06222715246393737,-0.65260864826017,-0.07411070556740444
17608866437800,0.14632066,0.6065255,0.49237254,0.7514900778004758,-0.06222715246393737,-0.65260864826017,-0.07411070556740444
17608899783000,0.14715584,0.605794,0.49465093,0.7483868351895375,-0.06227891527667411,-0.6560728130910674,-0.0748795402611569
17608932263600,0.14831391,0.60627407,0.49763918,0.7457269898042178,-0.060306074448760835,-0.6594275690623195,-0.07355076629567112
17608965278100,0.14831391,0.60627407,0.49763918,0.7457269898042178,-0.060306074448760835,-0.6594275690623195,-0.07355076629567112
17608998284600,0.14973922,0.6069181,0.5011482,0.7427611620112332,-0.05670264550893527,-0.6633260868463937,-0.0713384097738454
17609031331500,0.15104935,0.60684997,0.5052776,0.7389245018383203,-0.05514295005420236,-0.6678081420237625,-0.0705841419093577
17609064384800,0.15104935,0.60684997,0.5052776,0.7389245018383203,-0.05514295005420236,-0.6678081420237625,-0.0705841419093577
17609097554100,0.15196988,0.60642767,0.50896794,0.7353951947054939,-0.05505069943897325,-0.6715454209332464,-0.07204218013731585
17609130497200,0.15287468,0.60610324,0.51324064,0.7313772701454462,-0.05472082910369984,-0.6759506867013605,-0.07199714386528196
17609163460200,0.1534405,0.6058237,0.5177367,0.7274409038390381,-0.05515946534425996,-0.680279478555423,-0.07076012903563914
17609196261500,0.1534405,0.6058237,0.5177367,0.7274409038390381,-0.05515946534425996,-0.680279478555423,-0.07076012903563914
17609229390600,0.153614,0.60571814,0.5223508,0.7239517308882252,-0.05548222150077158,-0.6840692449936387,-0.06974870963046712
17609262285100,0.15379718,0.6060877,0.5263851,0.7211007206498405,-0.0542993213653344,-0.6873508744119992,-0.0679272391799104
17609297192300,0.15379718,0.6060877,0.5263851,0.7211007206498405,-0.0542993213653344,-0.6873508744119992,-0.0679272391799104
17609328267000,0.15380275,0.6070096,0.52996826,0.7182378271973419,-0.05331558423842436,-0.6906020793840105,-0.06603514223985156
17609361261600,0.1536293,0.607842,0.5324293,0.7151192045842409,-0.05265755051100204,-0.6940993659713862,-0.0637006732076179
17609394294900,0.1536293,0.607842,0.5324293,0.7151192045842409,-0.05265755051100204,-0.6940993659713862,-0.0637006732076179
17609427293900,0.15342972,0.60828143,0.5335613,0.7128326846996204,-0.05261690832645169,-0.6966755731549064,-0.06118962617454169
17609460352400,0.15325001,0.60856104,0.5335788,0.7114399941404095,-0.052746578922956144,-0.6981788134140967,-0.060143808069513055
17609494000300,0.15341489,0.6096058,0.5324225,0.7103787841944045,-0.05108560267813771,-0.6997059817265358,-0.05624751818165985
17609526534100,0.15341489,0.6096058,0.5324225,0.7103787841944045,-0.05108560267813771,-0.6997059817265358,-0.05624751818165985
17609559234900,0.15372932,0.610759,0.5303411,0.7090371085980975,-0.05007227227830616,-0.7015880027914714,-0.05033309566091786
17609592413700,0.15313263,0.61114657,0.52844507,0.7071578813919749,-0.04987860639186417,-0.7038033355177178,-0.04583361565220396
17609625718200,0.15313263,0.61114657,0.52844507,0.7071578813919749,-0.04987860639186417,-0.7038033355177178,-0.04583361565220396
17609658470900,0.1556009,0.61022377,0.5249194,-0.7035366478773721,0.048428096917968795,0.7075197242238364,0.045899284924723845
17609694027300,0.15727168,0.6094767,0.5213775,-0.6966971878022636,0.04658528836728313,0.7141480698609043,0.0493495058749278
17609724859200,0.15727168,0.6094767,0.5213775,-0.6966971878022636,0.04658528836728313,0.7141480698609043,0.0493495058749278
17609757388000,0.1590125,0.6095687,0.51829857,-0.6884468931149009,0.044800297754632144,0.7220551797852349,0.05167326220443641
17609790675200,0.16105531,0.6097544,0.51474017,-0.6784231972635062,0.04493343155072609,0.7314067705889419,0.052603118543417204
17609823319500,0.16105531,0.6097544,0.51474017,-0.6784231972635062,0.04493343155072609,0.7314067705889419,0.052603118543417204
17609856279200,0.16288915,0.60988057,0.5114774,-0.6695512400287029,0.045942706762867845,0.7395295534019208,0.051830920467255306
17609889894000,0.16415736,0.6097589,0.5086826,-0.6612026995136733,0.045757125299088645,0.7468601990752356,0.05401035713170184
17609922259300,0.16514993,0.6102287,0.50644463,-0.652074942985155,0.04479901374453508,0.7548373150436354,0.05488118909188725
17609956438900,0.16514993,0.6102287,0.50644463,-0.652074942985155,0.04479901374453508,0.7548373150436354,0.05488118909188725
17609988455000,0.16571827,0.61130184,0.50458,-0.6425307025383589,0.04465003163338435,0.7632505347401763,0.05108123128445179
17610021312200,0.16611081,0.6126969,0.5028347,-0.6341437005947005,0.044103020387878035,0.7705699174155866,0.04624600483135182
17610054245600,0.16611081,0.6126969,0.5028347,-0.6341437005947005,0.044103020387878035,0.7705699174155866,0.04624600483135182
17610087775000,0.16585591,0.61340934,0.5015023,-0.6290195185144929,0.04453925601339783,0.7748149893100706,0.04486014201943488
17610120168200,0.16453525,0.613587,0.5006436,-0.6241365781427463,0.04561442861582075,0.7786134595864471,0.046194548132218065
17610153260400,0.16453525,0.613587,0.5006436,-0.6241365781427463,0.04561442861582075,0.7786134595864471,0.046194548132218065
17610186212600,0.16257994,0.6135273,0.50079584,-0.6187304582114818,0.04492867501372971,0.7828533527969217,0.04790263309609451
17610219277800,0.15982729,0.61325634,0.50177544,-0.6128752143164895,0.04356695577047566,0.7874199648361138,0.04955492930984374
17610252313500,0.15982729,0.61325634,0.50177544,-0.6128752143164895,0.04356695577047566,0.7874199648361138,0.04955492930984374
17610285482300,0.15648139,0.61265093,0.5039841,-0.606082369628015,0.04211101203486664,0.7927345017026565,0.04962694531935601
17610318451500,0.1531309,0.611462,0.5066956,-0.6001521635639059,0.042263055943935694,0.7972489915342165,0.049246930559350026
17610351280000,0.14923976,0.609768,0.510883,-0.5937695040230454,0.04172633886027513,0.8021245403911286,0.047884344413021786
17610384586700,0.14923976,0.609768,0.510883,-0.5937695040230454,0.04172633886027513,0.8021245403911286,0.047884344413021786
17610417311500,0.1456824,0.6094902,0.5149345,-0.5883123451469843,0.04027713958420398,0.8061511435480004,0.04885356006291926
17610450345100,0.14232002,0.60939944,0.5193247,-0.5821227904107769,0.038997977133658164,0.8106263024943337,0.04997211590695776
17610483254700,0.14232002,0.60939944,0.5193247,-0.5821227904107769,0.038997977133658164,0.8106263024943337,0.04997211590695776
17610516546900,0.13926315,0.60881215,0.5233489,-0.5759626071795445,0.04043063198043245,0.8148668746996809,0.051229050799123384
17610549256300,0.13654459,0.60787344,0.5271592,-0.5700486347443829,0.04224364807940491,0.8188623183374354,0.052197048097080395
17610582257100,0.13654459,0.60787344,0.5271592,-0.5700486347443829,0.04224364807940491,0.8188623183374354,0.052197048097080395
17610615270300,0.13399072,0.6071842,0.530593,-0.5640395697821106,0.0440574724888196,0.8228136562942108,0.05381440191678153
17610648285500,0.13190532,0.6073539,0.5335172,-0.5581441883201125,0.04450435536657475,0.8268087164637783,0.05368215511143376
17610681288200,0.13190532,0.6073539,0.5335172,-0.5581441883201125,0.04450435536657475,0.8268087164637783,0.05368215511143376
17610714346500,0.13045125,0.6079129,0.53570724,-0.5529581478641596,0.044665006058915456,0.8303020235268525,0.05329984682538316
17610747259800,0.12945789,0.60858166,0.5373046,-0.5476655842808114,0.04512806947673721,0.833773389545502,0.053364782632979814
17610780299400,0.12916338,0.6091532,0.538254,-0.5421974113664721,0.04574838570660578,0.8373103587645322,0.05329554782856281
17610813379600,0.12916338,0.6091532,0.538254,-0.5421974113664721,0.04574838570660578,0.8373103587645322,0.05329554782856281
17610846481900,0.1293892,0.6093845,0.53883404,-0.5357126378037467,0.04641085859296071,0.8414666199672431,0.05283871102628603
17610879860000,0.13012819,0.6093087,0.53878427,-0.527957833516474,0.04632366249588407,0.8462908124053077,0.053912013131795694
17610912323500,0.13012819,0.6093087,0.53878427,-0.527957833516474,0.04632366249588407,0.8462908124053077,0.053912013131795694
17610945234600,0.13131645,0.60948163,0.5382335,-0.5199591325599997,0.04465575825897111,0.8513134772827705,0.05397895069827506
17610979422900,0.1332146,0.6093167,0.5370934,-0.510274189329563,0.04214966483818456,0.8573070712527794,0.053555980413657146
17611012091500,0.1332146,0.6093167,0.5370934,-0.510274189329563,0.04214966483818456,0.8573070712527794,0.053555980413657146
17611047211900,0.13583297,0.6084364,0.5351507,-0.49905953836441397,0.03906066174705204,0.8640444833731507,0.053300775076970536
17611077576600,0.13847278,0.607835,0.53303224,-0.48862444899489765,0.036163540887579566,0.8700081092650088,0.054993053816181074
17611110902800,0.1420859,0.6081643,0.53047585,-0.4763589215281359,0.03171280942396014,0.8769308055104976,0.05539709329649611
17611143378200,0.1420859,0.6081643,0.53047585,-0.4763589215281359,0.03171280942396014,0.8769308055104976,0.05539709329649611
17611177454500,0.14616208,0.60831434,0.527568,-0.46418363070232715,0.029017790599379794,0.8835117913644683,0.05566362669359854
17611209285400,0.15036428,0.60822874,0.5247073,-0.4544783633686187,0.027132035645670155,0.8885639927638262,0.0562787760626576
17611242562100,0.15036428,0.60822874,0.5247073,-0.4544783633686187,0.027132035645670155,0.8885639927638262,0.0562787760626576
17611279140900,0.15535209,0.6081751,0.52146596,-0.44422858952764066,0.0235091355410686,0.8937809441085361,0.057130593737929794
17611309678000,0.15927935,0.60823655,0.51919746,-0.4350916331969919,0.019715972628381054,0.8982371940596292,0.05896180418860506
17611341942500,0.15927935,0.60823655,0.51919746,-0.4350916331969919,0.019715972628381054,0.8982371940596292,0.05896180418860506
17611376060200,0.16317497,0.60813767,0.517314,-0.42369382021804536,0.016241683901139437,0.903611015130409,0.060884215919118766
17611407851100,0.16616827,0.6079863,0.5160181,-0.4113076463617634,0.014014698073905332,0.9091742805395177,0.06349595174256596
17611441129700,0.16616827,0.6079863,0.5160181,-0.4113076463617634,0.014014698073905332,0.9091742805395177,0.06349595174256596
17611474228400,0.16810374,0.6077589,0.51521724,-0.39968250578271747,0.012715150922071624,0.914194116908711,0.06588881633311545
17611506483700,0.16890095,0.60710204,0.5147297,-0.38814018392940003,0.01214802465194426,0.919009280344906,0.06798209879258732
17611539806000,0.16894697,0.6068218,0.51468307,-0.37737093543810224,0.010721605820676635,0.923444072659136,0.06875513745099994
17611572230900,0.16894697,0.6068218,0.51468307,-0.37737093543810224,0.010721605820676635,0.923444072659136,0.06875513745099994
17611605483000,0.16808529,0.6064641,0.51523453,-0.3651296558302793,0.009274280254779554,0.928327895468347,0.06929387169387652
17611638400300,0.16688775,0.6062649,0.51608115,-0.35571264283646864,0.008784145991603001,0.9319342720233773,0.06992758492720033
17611671271000,0.16688775,0.6062649,0.51608115,-0.35571264283646864,0.008784145991603001,0.9319342720233773,0.06992758492720033
17611705313800,0.16496071,0.60595995,0.5174937,-0.34513706583872333,0.009070867286009716,0.9359448492808571,0.0693207346726086
17611737552200,0.1628767,0.6057818,0.5192262,-0.33715998019530613,0.00959515537695407,0.9389029324634247,0.06850083327649817
17611770306500,0.1628767,0.6057818,0.5192262,-0.33715998019530613,0.00959515537695407,0.9389029324634247,0.06850083327649817
17611803200600,0.16042382,0.6059787,0.52136546,-0.3298054149671784,0.009488102567177484,0.9416113915508273,0.06712936369217608
17611836333100,0.15760013,0.6061114,0.52363086,-0.3235089383284602,0.010404596732146871,0.9438229724507523,0.06657257590525247
17611869196800,0.15760013,0.6061114,0.52363086,-0.3235089383284602,0.010404596732146871,0.9438229724507523,0.06657257590525247
17611902223000,0.15454997,0.6059121,0.52541816,-0.3182701914522483,0.01182040490143785,0.9456174025409685,0.06612179120824936
17611935509400,0.15093297,0.6055409,0.5270766,-0.31281680705678483,0.01339228179016942,0.9473597003515161,0.06690209384717914
17611968309200,0.14751574,0.60543704,0.5284022,-0.3075635665019834,0.014337951466905214,0.9490422883419345,0.06721466095292973
17612001353900,0.14751574,0.60543704,0.5284022,-0.3075635665019834,0.014337951466905214,0.9490422883419345,0.06721466095292973
17612034166000,0.14407444,0.6055601,0.5298566,-0.3016262728390395,0.014442376221482376,0.9510188642600257,0.06615231760019613
17612067405900,0.14123511,0.6056158,0.53083444,-0.2952543142988123,0.014319943412274857,0.9529652104799274,0.06691140951702375
17612099968600,0.14123511,0.6056158,0.53083444,-0.2952543142988123,0.014319943412274857,0.9529652104799274,0.06691140951702375
17612132952400,0.13886653,0.60539895,0.5313122,-0.28805831725564535,0.0150465211620088,0.9549266865272187,0.0700787515507684
17612165985500,0.13717239,0.60532725,0.5313227,-0.2805638015730774,0.01657538557174706,0.9568982698939836,0.07317725680777828
17612198799300,0.13717239,0.60532725,0.5313227,-0.2805638015730774,0.01657538557174706,0.9568982698939836,0.07317725680777828
17612232002900,0.1367607,0.6057321,0.5308934,-0.27490987159770525,0.016911496631824556,0.9584811263468342,0.07384100633597139
17612265105000,0.13705733,0.6061679,0.5301831,-0.2695614942629765,0.01619416678991897,0.9600489067814132,0.07335152595893883
17612298159900,0.13823535,0.6063702,0.529144,-0.26335093274394933,0.01440444055019014,0.9619130954020538,0.07184702644763463
17612331086500,0.13823535,0.6063702,0.529144,-0.26335093274394933,0.01440444055019014,0.9619130954020538,0.07184702644763463
17612364073600,0.1400628,0.6060655,0.5280214,-0.25472986043509166,0.01147723444063788,0.964350165806109,0.07077943911930516
17612397057800,0.14295971,0.6054173,0.5268893,-0.24448619885606807,0.007734285227154718,0.9671560845682253,0.06910707260183907
17612430045300,0.14295971,0.6054173,0.5268893,-0.24448619885606807,0.007734285227154718,0.9671560845682253,0.06910707260183907
17612463040400,0.14689475,0.6045786,0.5257468,-0.23224118681621728,0.0039966546145260625,0.9702951411841341,0.06764168014285596
17612496480800,0.15162574,0.60403836,0.5243117,-0.21894092336972673,0.0020686033139738404,0.9733369697553015,0.06837935552422361
17612528996000,0.15162574,0.60403836,0.5243117,-0.21894092336972673,0.0020686033139738404,0.9733369697553015,0.06837935552422361
17612562197100,0.15627688,0.6041726,0.5230631,-0.20627505054945341,0.0022062468455203692,0.9760619355479424,0.06891178397111414
17612595030700,0.16113539,0.6044604,0.5223352,-0.19431888506276332,0.0018632906849259338,0.9787065879183638,0.0661068364163806
17612628074200,0.16113539,0.6044604,0.5223352,-0.19431888506276332,0.0018632906849259338,0.9787065879183638,0.0661068364163806
17612661034000,0.16554876,0.60413027,0.5216869,-0.18399329010421844,-0.0009082932062363528,0.9806942198845592,0.06621549127728657
17612694736100,0.17042753,0.6035169,0.52065563,-0.17063677261311924,-0.005618737726601848,0.9828195481637937,0.07012315855446606
17612726991900,0.17042753,0.6035169,0.52065563,-0.17063677261311924,-0.005618737726601848,0.9828195481637937,0.07012315855446606
17612769665800,0.17386901,0.6036099,0.52014077,-0.15861647092150027,-0.00834580490939742,0.984779151341789,0.07057751607537041
17612798072900,0.17751731,0.6040279,0.519454,-0.14433490577098715,-0.01038739748367206,0.9870040249727635,0.06987554391316668
17612828454600,0.18065609,0.6047209,0.5187964,-0.1316599162637069,-0.012546835175179454,0.988778251017306,0.06946807678119497
17612859280800,0.18065609,0.6047209,0.5187964,-0.1316599162637069,-0.012546835175179454,0.988778251017306,0.06946807678119497
17612892692100,0.1835085,0.60610026,0.51916844,-0.12244271626536517,-0.014430910309287781,0.989963902496641,0.06907243889443587
17612925084400,0.18545632,0.6069703,0.51899385,-0.11310741884530254,-0.015904548329001195,0.9910923883172226,0.06848090948773558
17612958204100,0.18545632,0.6069703,0.51899385,-0.11310741884530254,-0.015904548329001195,0.9910923883172226,0.06848090948773558
17612991351600,0.18649991,0.60702014,0.5187248,-0.10353261874062245,-0.015759904773137136,0.9920821204131587,0.0693230741873255
17613025199800,0.1866214,0.6068736,0.5183824,-0.095391678852515,-0.015801753367704965,0.9927403223343039,0.07153589733684305
17613057059900,0.1866214,0.6068736,0.5183824,-0.095391678852515,-0.015801753367704965,0.9927403223343039,0.07153589733684305
17613090749400,0.18583511,0.6066904,0.51830065,-0.08871204412905488,-0.016217207683591445,0.9933490054070493,0.07158860843889814
17613123015300,0.18403174,0.60684884,0.5171356,-0.08169337005562124,-0.01668350610988974,0.9940119215201128,0.07062686308147731
17613156445600,0.1813625,0.60647523,0.51696754,-0.07468007299697556,-0.016299300607896833,0.994607854153715,0.07008877194388724
17613189020200,0.1813625,0.60647523,0.51696754,-0.07468007299697556,-0.016299300607896833,0.994607854153715,0.07008877194388724
17613222271700,0.17775474,0.6064427,0.51656485,-0.06879978312728342,-0.015641140044262657,0.9951104197527737,0.06911727048439492
17613255311600,0.17297116,0.6069508,0.51691544,-0.06372179951298063,-0.015841881964343732,0.9955183380439138,0.06805737036456112
17613288564200,0.17297116,0.6069508,0.51691544,-0.06372179951298063,-0.015841881964343732,0.9955183380439138,0.06805737036456112
17613321306000,0.16841447,0.60729027,0.5172157,-0.05937736237733593,-0.015913449368957944,0.9958552392710115,0.06703307678130672
17613353997700,0.16274227,0.60723436,0.5169879,-0.05427263323726469,-0.01635000060438358,0.9961142124096893,0.06740648779720132
17613387068600,0.16274227,0.60723436,0.5169879,-0.05427263323726469,-0.01635000060438358,0.9961142124096893,0.06740648779720132
17613420015600,0.15713026,0.6068005,0.51694924,-0.05020183872145242,-0.016538032301493928,0.9962450091608495,0.06857222906307649
17613452997500,0.15170261,0.60643613,0.5163721,-0.0472636300715264,-0.016104785349980926,0.9963251972877527,0.06959085005095003
17613486378700,0.15170261,0.60643613,0.5163721,-0.0472636300715264,-0.016104785349980926,0.9963251972877527,0.06959085005095003
17613519055300,0.14621866,0.6058282,0.51606005,-0.04432857202465764,-0.015427379806381513,0.9964726243750316,0.06956495184862434
17613552167500,0.1419438,0.6058396,0.5156009,-0.04021000398598509,-0.01550099562891073,0.9966535655742187,0.06945894429197849
17613585007800,0.13856655,0.606142,0.5153572,-0.034621485270753954,-0.015797399229255455,0.9968862903178026,0.06906170510238138
17613617943700,0.13856655,0.606142,0.5153572,-0.034621485270753954,-0.015797399229255455,0.9968862903178026,0.06906170510238138
17613651090200,0.13610992,0.6066666,0.5151878,-0.028091091298762978,-0.015958548628307735,0.9971106457945654,0.06875009351606148
17613683960200,0.13480206,0.6073648,0.5149205,-0.020964701848885357,-0.016802972466720086,0.9972500724760222,0.0690683309429052
17613716974400,0.13480206,0.6073648,0.5149205,-0.020964701848885357,-0.016802972466720086,0.9972500724760222,0.0690683309429052
17613749902800,0.13416617,0.60825056,0.515063,-0.013203762315067365,-0.017919806783857815,0.9974039174289068,0.06848333142471057
17613782852600,0.13434559,0.60866,0.51526845,-0.0043776110167176125,-0.019542501350374546,0.9974765872141718,0.06811303195663519
17613815904700,0.13434559,0.60866,0.51526845,-0.0043776110167176125,-0.019542501350374546,0.9974765872141718,0.06811303195663519
17613849064300,0.13549215,0.60824585,0.51552993,0.0053675929387056705,-0.021337720985631886,0.9974534222251771,0.06784217788711122
17613881778600,0.13741785,0.6075523,0.5158632,0.013998082541587655,-0.02302718367048504,0.9973032959102821,0.06826374194147869
17613914904900,0.14051637,0.60738117,0.51605225,0.022561412954994867,-0.025365758030820442,0.9971088918379786,0.06798101781111
17613947819100,0.14051637,0.60738117,0.51605225,0.022561412954994867,-0.025365758030820442,0.9971088918379786,0.06798101781111
17613980959300,0.14402275,0.60779107,0.51715386,0.03103949945351982,-0.02751615570713187,0.9969352221608715,0.0663292805918284
17614013775500,0.1481513,0.60805047,0.5177936,0.04005912075158389,-0.02963978959333948,0.9966213692646392,0.06528855981370793
17614046743100,0.1481513,0.60805047,0.5177936,0.04005912075158389,-0.02963978959333948,0.9966213692646392,0.06528855981370793
17614079887400,0.15256694,0.6081409,0.5189523,0.049658652904519596,-0.03210366131730776,0.9961661833054929,0.06446943741261679
17614113164900,0.15680169,0.6081171,0.51986665,0.05967804751998711,-0.035036301875500026,0.9954892533796653,0.06490095993656314
17614145760800,0.15680169,0.6081171,0.51986665,0.05967804751998711,-0.035036301875500026,0.9954892533796653,0.06490095993656314
17614178806400,0.16087419,0.608114,0.52088094,0.07128498997327434,-0.03827529209031643,0.9945488235022646,0.06577301794940275
17614211889900,0.16463198,0.6081057,0.5218884,0.0834414820112362,-0.04105545904656482,0.9934117406007175,0.06697075480310195
17614245819400,0.16463198,0.6081057,0.5218884,0.0834414820112362,-0.04105545904656482,0.9934117406007175,0.06697075480310195
17614277661500,0.16791525,0.60839015,0.5226166,0.09616767211655601,-0.04313095565061462,0.9920930703894039,0.06813838264644047
17614311090700,0.17010906,0.6086972,0.52313066,0.10667692103886864,-0.043990653445164236,0.9909417651359075,0.06869697982055918
17614343811900,0.17126225,0.6090139,0.523119,0.11694344745740437,-0.04475694813134956,0.9897259308702847,0.06901903689340777
17614376853900,0.17126225,0.6090139,0.523119,0.11694344745740437,-0.04475694813134956,0.9897259308702847,0.06901903689340777
17614409780500,0.17127307,0.60913867,0.52270085,0.12706223775224368,-0.04655131938219254,0.9883627419103573,0.06947843409727944
17614442727400,0.1703044,0.6092562,0.5220453,0.13632439995042692,-0.048120675749219285,0.9870563278185236,0.06942524221783955
17614483991900,0.1703044,0.6092562,0.5220453,0.13632439995042692,-0.048120675749219285,0.9870563278185236,0.06942524221783955
17614514431200,0.16850129,0.6084115,0.52087235,0.1446912702313545,-0.04863605585781504,0.9857873930159503,0.07015829359561793
17614545829000,0.16627245,0.60741377,0.5195831,0.15007864928728623,-0.047843792562034214,0.9849899041956205,0.07058512006143534
17614576309400,0.16627245,0.60741377,0.5195831,0.15007864928728623,-0.047843792562034214,0.9849899041956205,0.07058512006143534
17614607851500,0.1631316,0.60657436,0.5181368,0.1545303603775473,-0.04638009810279503,0.9844184788177466,0.06992505118849923
17614640677300,0.15932217,0.60644716,0.5168004,0.15933667562605489,-0.04626462589982896,0.9837543383710706,0.06854786595426093
17614673728200,0.15932217,0.60644716,0.5168004,0.15933667562605489,-0.04626462589982896,0.9837543383710706,0.06854786595426093
17614706675400,0.15493117,0.6066194,0.5156245,0.16656349834011625,-0.04628723173718564,0.9826694155091983,0.0668947906912091
17614739678200,0.15078627,0.6064254,0.5146343,0.17393733530096878,-0.04579364459468542,0.9814181870897439,0.06683627422750617
17614773417200,0.14731838,0.60610324,0.5139439,0.17886356494400435,-0.0442476307607999,0.9805470355912879,0.06765710088908362
17614806628300,0.14731838,0.60610324,0.5139439,0.17886356494400435,-0.0442476307607999,0.9805470355912879,0.06765710088908362
17614839975500,0.14376093,0.60582525,0.5133562,0.18304021539888454,-0.04142255913174334,0.9798366620461689,0.06856068007195355
17614871566900,0.13997555,0.605556,0.51277524,0.1882322705579796,-0.038402258529646745,0.9789779953779881,0.06852709993940698
17614906710900,0.13997555,0.605556,0.51277524,0.1882322705579796,-0.038402258529646745,0.9789779953779881,0.06852709993940698
17614937585300,0.13598922,0.6054654,0.5120636,0.1944473680782731,-0.03663547628243222,0.9777967504337219,0.06900418658491471
17614970501100,0.13220488,0.6052526,0.51135254,0.20052606046727645,-0.0366158187278732,0.9765413365222758,0.06939451675491974
17615003504500,0.13220488,0.6052526,0.51135254,0.20052606046727645,-0.0366158187278732,0.9765413365222758,0.06939451675491974
17615037224700,0.12871662,0.60530126,0.51091003,0.20720438954570253,-0.03757460274609958,0.9751282721795078,0.06913279234685349
17615069266200,0.12567234,0.6056339,0.5108912,0.21616916676094008,-0.03974902719066833,0.9730575784706146,0.0696409014888542
17615102550600,0.12567234,0.6056339,0.5108912,0.21616916676094008,-0.03974902719066833,0.9730575784706146,0.0696409014888542
17615135418600,0.1237679,0.60641986,0.51141435,0.22542547615858963,-0.041896755856225064,0.9708527682320882,0.06980629601610741
17615168445400,0.12239024,0.60714066,0.5129129,0.2369810257028043,-0.043302369798297574,0.9680841101196721,0.06912346895592635
17615201323200,0.122004695,0.6071313,0.5146402,0.24712954147054636,-0.04457615307005457,0.9654756520424557,0.0692583686151201
17615234692300,0.122004695,0.6071313,0.5146402,0.24712954147054636,-0.04457615307005457,0.9654756520424557,0.0692583686151201
17615269919200,0.1224003,0.6064356,0.5169919,0.2582002847685326,-0.04714816024889055,0.9624371345235194,0.06945808823132515
17615300916700,0.123881124,0.60547787,0.5195631,0.26940296705207806,-0.05080614232281527,0.959155927337678,0.06971860798100961
17615333600200,0.123881124,0.60547787,0.5195631,0.26940296705207806,-0.05080614232281527,0.959155927337678,0.06971860798100961
17615366466200,0.12616904,0.60505044,0.5224628,0.2815634750202547,-0.053434661657514176,0.9555168916285295,0.06967220594052066
17615399425200,0.12891044,0.6053203,0.5257625,0.2948143042409812,-0.05497493831438198,0.9514228364972014,0.069691235918555
17615432296900,0.12891044,0.6053203,0.5257625,0.2948143042409812,-0.05497493831438198,0.9514228364972014,0.069691235918555
17615465438700,0.13153091,0.60531616,0.52885145,0.30625857206869156,-0.05620742137969568,0.9476797270059882,0.07035302294960057
17615498607200,0.13438317,0.60510856,0.5322801,0.3175887245765827,-0.05902362909409003,0.9437633584033928,0.0704580482665521
17615531244800,0.13720754,0.60488915,0.5352935,0.32787310021426397,-0.06223240339475083,0.9400406987040079,0.07035511995356722
17615564601700,0.13720754,0.60488915,0.5352935,0.32787310021426397,-0.06223240339475083,0.9400406987040079,0.07035511995356722
17615597556800,0.14038995,0.6048601,0.5382965,0.3397865464169204,-0.06507810210893325,0.9355873978469351,0.07061277851750343
17615630694300,0.14334814,0.6049975,0.54102004,0.35193286008273583,-0.06668228922830514,0.9309621718403831,0.07075428537901443
17615663109500,0.14334814,0.6049975,0.54102004,0.35193286008273583,-0.06668228922830514,0.9309621718403831,0.07075428537901443
17615697311800,0.1463575,0.6055074,0.54377675,0.3641487666254137,-0.06841407632764686,0.926139467239943,0.07057532958435019
17615729543700,0.14822131,0.6061982,0.54594857,0.3724557460151806,-0.06967584308049059,0.9228814414241948,0.0686428381267752
17615762374000,0.14822131,0.6061982,0.54594857,0.3724557460151806,-0.06967584308049059,0.9228814414241948,0.0686428381267752
17615795384400,0.14961037,0.60678935,0.54796886,0.3813135723427038,-0.07144594450761567,0.9192521575616988,0.06686484411723603
17615828289500,0.15020613,0.6071843,0.5494979,0.3908686344415974,-0.07363387889868096,0.9151342310506865,0.06579590904732724
17615861316600,0.15020613,0.6071843,0.5494979,0.3908686344415974,-0.07363387889868096,0.9151342310506865,0.06579590904732724
17615894869400,0.15025333,0.6073232,0.55042356,0.39974419480481765,-0.07550011157619833,0.9111232379716635,0.06602088381611601
17615927251600,0.1499404,0.60698414,0.55063355,0.4078786534765419,-0.07681526142377672,0.9073242982521997,0.0670599541582975
17615967692900,0.14923978,0.60614544,0.5499921,0.41475720855476045,-0.07760241339203229,0.9040668400843765,0.06795198339596513
17615997785400,0.14923978,0.60614544,0.5499921,0.41475720855476045,-0.07760241339203229,0.9040668400843765,0.06795198339596513
17616030911900,0.1480822,0.60506535,0.54851663,0.42018846776067154,-0.07708237372793313,0.9015304701055898,0.06886777688150389
17616059368500,0.1461978,0.6042813,0.5464443,0.4242726646276756,-0.07628108048811444,0.8997475789517667,0.06803085314570222
17616094555600,0.1461978,0.6042813,0.5464443,0.4242726646276756,-0.07628108048811444,0.8997475789517667,0.06803085314570222
17616126674500,0.14370225,0.60423577,0.54396814,0.42809849063583005,-0.07605248637927929,0.8980753333858328,0.0663957618736232
17616158456100,0.14136443,0.6042512,0.5413094,0.4323809653941323,-0.0755566406123645,0.8960644555820246,0.06638061664900381
17616191297400,0.14136443,0.6042512,0.5413094,0.4323809653941323,-0.0755566406123645,0.8960644555820246,0.06638061664900381
17616224291000,0.13912813,0.60390824,0.5383625,0.4372946669088453,-0.07508190891101316,0.8936574394772585,0.06717486222025601
17616257344500,0.13665539,0.603517,0.5351186,0.4425298342584185,-0.07429092521217086,0.8911628477617883,0.0669102607335824
17616291077400,0.13665539,0.603517,0.5351186,0.4425298342584185,-0.07429092521217086,0.8911628477617883,0.0669102607335824
17616324306200,0.13428754,0.6032406,0.5318797,0.44736692614868045,-0.07367437419303842,0.888888394680753,0.06566842298562732
17616356462700,0.13218626,0.60276383,0.5288059,0.4522609797409934,-0.07385684649219042,0.886429528473154,0.06517563563792422
17616389886700,0.13035627,0.6020208,0.5259478,0.4580808894183577,-0.07540573445426096,0.8832034844394503,0.06653930443815413
17616422362500,0.13035627,0.6020208,0.5259478,0.4580808894183577,-0.07540573445426096,0.8832034844394503,0.06653930443815413
17616455347800,0.12898108,0.60200495,0.52403235,0.4647912859826842,-0.07734459732257165,0.8794784533475158,0.06711574954534233
17616489633400,0.12818767,0.60294384,0.5232624,0.47191665245620706,-0.07880486029055701,0.8756264526321786,0.06605136319486825
17616521384100,0.12818767,0.60294384,0.5232624,0.47191665245620706,-0.07880486029055701,0.8756264526321786,0.06605136319486825
17616555594200,0.12792428,0.6039601,0.52352977,0.4788086681373571,-0.0792164639953998,0.871946015586301,0.06463092952890317
17616587116100,0.12788056,0.60452145,0.52476,0.48606584251822593,-0.0791564060172097,0.8680521929277092,0.0629257536854429
17616620353000,0.12788056,0.60452145,0.52476,0.48606584251822593,-0.0791564060172097,0.8680521929277092,0.0629257536854429
17616653637600,0.12822965,0.604474,0.5270124,0.4935241973733638,-0.08000723267211385,0.8639341132041037,0.06041984251358288
17616686618200,0.12895486,0.60415393,0.5301708,0.5027068891346543,-0.08223380070932658,0.8585969056321778,0.05774720145865178
17616719242700,0.12895486,0.60415393,0.5301708,0.5027068891346543,-0.08223380070932658,0.8585969056321778,0.05774720145865178
17616752245400,0.13028112,0.6037042,0.53401804,0.5137204688367448,-0.08478005032658775,0.8519186114193411,0.056020554103987284
17616785183400,0.13196643,0.6036987,0.5382578,0.5248553014226177,-0.08764452045349179,0.8448461867020554,0.055500192955037796
17616818220100,0.13395497,0.6040681,0.5428562,0.5349678221352291,-0.08941059923285523,0.8383267845122703,0.054985237964651795
17616851207300,0.13395497,0.6040681,0.5428562,0.5349678221352291,-0.08941059923285523,0.8383267845122703,0.054985237964651795
17616884233800,0.13577776,0.60448647,0.547669,0.5437245084888223,-0.08990483101745698,0.8327068588606898,0.05366625974179988
17616917703200,0.13756372,0.6046269,0.5521148,0.5510804732797875,-0.0905323329183843,0.8278689545806382,0.05241376448645394
17616950422000,0.13756372,0.6046269,0.5521148,0.5510804732797875,-0.0905323329183843,0.8278689545806382,0.05241376448645394
17616983234400,0.1393413,0.6046917,0.5561487,0.5581805755129655,-0.0923028756075651,0.8229096404979513,0.052290992055241715
17617016486400,0.1407206,0.60495627,0.5593992,0.5653961363754993,-0.0936206640287261,0.8179057445907262,0.05091731732885966
17617049198300,0.1407206,0.60495627,0.5593992,0.5653961363754993,-0.0936206640287261,0.8179057445907262,0.05091731732885966
17617082325800,0.1419799,0.60519177,0.56179225,0.573481563752183,-0.0965211023001887,0.8119777851667955,0.04994646376604289
17617115297800,0.14284328,0.60576916,0.5632156,0.5815593246485293,-0.09931179305097773,0.8059581173878304,0.04855340041655671
17617148213200,0.14310633,0.6066022,0.56394315,0.590290574770859,-0.10079423688007949,0.7995722306363646,0.045626824825309185
17617181259800,0.14310633,0.6066022,0.56394315,0.590290574770859,-0.10079423688007949,0.7995722306363646,0.045626824825309185
17617214790800,0.14304079,0.60735655,0.56408304,0.5986798377463468,-0.10182531524132662,0.7933108967088057,0.04326520790523379
17617247242100,0.14265689,0.60784227,0.5635514,0.6064924830677587,-0.10211084354210254,0.7873934725675863,0.041854067560783074
17617280286300,0.14265689,0.60784227,0.5635514,0.6064924830677587,-0.10211084354210254,0.7873934725675863,0.041854067560783074
17617313948600,0.14207974,0.6078222,0.56233466,0.6136245680749683,-0.10216649782204851,0.7818856369169904,0.041009108262652694
17617346399900,0.14150985,0.60704774,0.5605954,0.619095083786152,-0.10231125563984472,0.7775080865483791,0.041651645262751745
17617379475500,0.14150985,0.60704774,0.5605954,0.619095083786152,-0.10231125563984472,0.7775080865483791,0.041651645262751745
17617412453900,0.1410743,0.6056328,0.5581709,0.623100353272146,-0.10248058072369216,0.7741737741828316,0.04357347466259232
17617446007800,0.14041325,0.6042743,0.55510074,0.6265677173992474,-0.10119180272612144,0.7715022681025745,0.04424211666181466
17617478486600,0.14041325,0.6042743,0.55510074,0.6265677173992474,-0.10119180272612144,0.7715022681025745,0.04424211666181466
17617511358200,0.13936163,0.6038067,0.55128425,0.6306919070270812,-0.09975499032872764,0.7683367547753857,0.04399194899396835
17617544373500,0.13812739,0.6035939,0.5470722,0.6359771410262973,-0.09820484434612978,0.7641909764513068,0.04360087326382287
17617577458000,0.1369212,0.60300326,0.5427012,0.6417231846560086,-0.09692817653123818,0.7595004104095917,0.04422001195093896
17617611099500,0.1369212,0.60300326,0.5427012,0.6417231846560086,-0.09692817653123818,0.7595004104095917,0.04422001195093896
17617643809300,0.13554326,0.6024266,0.5383056,0.6472936912560692,-0.09573738850952881,0.7548841148209738,0.044667694057596255
17617676852900,0.13397402,0.6020313,0.5343206,0.6522903102389781,-0.09437894181503309,0.7507471876227719,0.04459402187188954
17617716911100,0.13397402,0.6020313,0.5343206,0.6522903102389781,-0.09437894181503309,0.7507471876227719,0.04459402187188954
17617745802800,0.13222936,0.6016761,0.5305528,0.6573110473414475,-0.09308452747013833,0.7464843276989809,0.04515092787918162
17617775802300,0.13065729,0.6013517,0.52745044,0.6620551899650589,-0.09297689815344334,0.7422310423346625,0.046166022623724295
17617808846100,0.13065729,0.6013517,0.52745044,0.6620551899650589,-0.09297689815344334,0.7422310423346625,0.046166022623724295
17617841162600,0.12901781,0.60137725,0.5250078,0.6670853679663079,-0.0928707139089817,0.7377586160206118,0.04565486645083049
17617874270500,0.12734988,0.6017263,0.5233118,0.6729194664273188,-0.09290944288733141,0.7325322944062832,0.04408701370477119
17617907187400,0.12734988,0.6017263,0.5233118,0.6729194664273188,-0.09290944288733141,0.7325322944062832,0.04408701370477119
17617940134800,0.12560675,0.6024952,0.5224429,0.6797760506508671,-0.0933026692405458,0.7262087281247009,0.04266164635364056
17617973537200,0.12376039,0.60326636,0.5223308,0.6871105510199199,-0.09347095232931131,0.7193415604546574,0.04110950194799553
17618006498900,0.12199959,0.6036777,0.5231157,0.6942086260713111,-0.09439463603890369,0.712454331674456,0.0396593173613681
17618040129700,0.12199959,0.6036777,0.5231157,0.6942086260713111,-0.09439463603890369,0.712454331674456,0.0396593173613681
17618073164500,0.12042646,0.6034593,0.5247189,0.7014758076768387,-0.09572784494532575,0.7052142668684689,0.037956669393118425
17618105476000,0.119206615,0.60275036,0.527073,0.7086724129146579,-0.09739763668948664,0.6978717724698712,0.0356665211477048
17618138616500,0.119206615,0.60275036,0.527073,0.7086724129146579,-0.09739763668948664,0.6978717724698712,0.0356665211477048
17618173361400,0.118155405,0.602372,0.5303626,0.7172477549295184,-0.09985537693517718,0.6888430052652476,0.03286146440500229
17618204860600,0.11715923,0.6026673,0.5338544,0.7259789552081656,-0.10169569189673446,0.6794702061434625,0.03054147684486293
17618237628700,0.11715923,0.6026673,0.5338544,0.7259789552081656,-0.10169569189673446,0.6794702061434625,0.03054147684486293
17618271293000,0.115934856,0.60325825,0.5378602,0.7351569069646475,-0.1018444231479481,0.6695857219782176,0.028757547509191538
17618303585500,0.114712015,0.6036427,0.5422042,0.742846678129472,-0.10202181426467619,0.6610829574933894,0.027197160108106733
17618337249800,0.114712015,0.6036427,0.5422042,0.742846678129472,-0.10202181426467619,0.6610829574933894,0.027197160108106733
17618369512900,0.113405615,0.6039167,0.5467201,0.7491925723698465,-0.1030732947069466,0.653801342735638,0.02510357865293546
17618402505100,0.11211717,0.6042062,0.5511121,0.7560992021251394,-0.1042330802591234,0.6456798170719337,0.02338878687270838
17618435465400,0.11089973,0.60451615,0.5547908,0.7637785335109473,-0.10523594330109762,0.6364472901794452,0.022418626377100338
17618468601500,0.11089973,0.60451615,0.5547908,0.7637785335109473,-0.10523594330109762,0.6364472901794452,0.022418626377100338
17618502028300,0.109617606,0.6050889,0.5578366,0.7714434729551133,-0.10557984706860059,0.6271314826454226,0.020831884285352993
17618534798800,0.10826655,0.6058149,0.5599487,0.7781627732640871,-0.10518424278571158,0.6189227022198497,0.018266418708130467
17618567627600,0.10826655,0.6058149,0.5599487,0.7781627732640871,-0.10518424278571158,0.6189227022198497,0.018266418708130467
17618600701500,0.10696545,0.60649365,0.56101465,0.7847643178833416,-0.10462806159289478,0.6106784595520391,0.016424163405041967
17618633706600,0.10596991,0.60707545,0.5611646,0.7914551074347208,-0.10529221413319963,0.6018916737220122,0.015452367538272394
17618666692300,0.10596991,0.60707545,0.5611646,0.7914551074347208,-0.10529221413319963,0.6018916737220122,0.015452367538272394
17618699747800,0.105239525,0.6074285,0.5603989,0.7978487018139836,-0.10572976000138064,0.5933302401339412,0.01476119935476856
17618732784500,0.10486713,0.6071811,0.55898225,0.803916030780438,-0.10653151860210962,0.5849380619173238,0.01474838021477145
17618765764100,0.10500951,0.6061645,0.5571507,0.8089423103192286,-0.10832568349852184,0.5776107175934537,0.015612296152148614
17618799020100,0.10500951,0.6061645,0.5571507,0.8089423103192286,-0.10832568349852184,0.5776107175934537,0.015612296152148614
17618831900300,0.10557006,0.6048347,0.55434245,0.8141969873414018,-0.10931700192873488,0.5699886026562762,0.01568603632037031
17618864888100,0.10605055,0.6042392,0.55125135,0.8186961518760113,-0.10799287320855547,0.5637862007505133,0.014807771029894544
17618897895700,0.10605055,0.6042392,0.55125135,0.8186961518760113,-0.10799287320855547,0.5637862007505133,0.014807771029894544
17618930988600,0.10654715,0.6040424,0.54731846,0.8233497291580018,-0.1062307736150832,0.5573388600145168,0.013551433514764346
17618964186200,0.107047744,0.6038904,0.54308707,0.8275860091454919,-0.10520676722949587,0.5512337497635306,0.013201769479653434
17618997128300,0.107047744,0.6038904,0.54308707,0.8275860091454919,-0.10520676722949587,0.5512337497635306,0.013201769479653434
17619030190300,0.10776615,0.603434,0.5390284,0.831278273141367,-0.10477958358106611,0.5457187678580444,0.013736734516729429
17619063168800,0.108708076,0.60291535,0.5352123,0.8347361446209972,-0.103984714648901,0.5405552899764526,0.01423820428051035
17619097007800,0.108708076,0.60291535,0.5352123,0.8347361446209972,-0.103984714648901,0.5405552899764526,0.01423820428051035
17619129110400,0.10956414,0.60270375,0.53164417,0.838147352089032,-0.10178333981371353,0.5356763102186634,0.01414420704842987
17619163417400,0.11025062,0.60275584,0.5281069,0.8419094037450439,-0.09896366006886462,0.5302785121533463,0.01412265626121686
17619195808900,0.11053011,0.6031047,0.52515936,0.8454216370817551,-0.09748120917183559,0.5249340503428165,0.014279783019618065
17619228277900,0.11053011,0.6031047,0.52515936,0.8454216370817551,-0.09748120917183559,0.5249340503428165,0.014279783019618065
17619262184100,0.11017859,0.6030333,0.5224929,0.8496047705037163,-0.09632669836826323,0.5183587049998656,0.014041156279293768
17619294775700,0.10907103,0.6030744,0.52032065,0.854540633701984,-0.09600301315713179,0.5102581987202562,0.013427488809255898
17619327675600,0.10907103,0.6030744,0.52032065,0.854540633701984,-0.09600301315713179,0.5102581987202562,0.013427488809255898
17619360422500,0.10755567,0.603293,0.51898897,0.8595026331996196,-0.09700512334746454,0.5016613790631834,0.01345698048183417
17619393704900,0.105402276,0.6036292,0.5182783,0.8646016369390072,-0.09763660521185642,0.4926902220800105,0.013691157432563062
17619426437400,0.105402276,0.6036292,0.5182783,0.8646016369390072,-0.09763660521185642,0.4926902220800105,0.013691157432563062
17619459145600,0.1029889,0.6041262,0.5183066,0.870156508094992,-0.09732614584380063,0.48288969015644795,0.013146098118112832
17619492763000,0.0999558,0.60438335,0.5189534,0.8763225777902484,-0.09663618044041261,0.4717941996738676,0.011420220621192982
17619525487400,0.09646317,0.6043397,0.5204502,0.8831259521805993,-0.09520242577824427,0.4592697347293651,0.009816387964331359
17619558117800,0.09646317,0.6043397,0.5204502,0.8831259521805993,-0.09520242577824427,0.4592697347293651,0.009816387964331359
17619591164500,0.092414774,0.60374665,0.5227054,0.8895177229261922,-0.09401221988540732,0.44701972098443316,0.00965878685027787
17619624130400,0.08828619,0.603614,0.52540654,0.8951523123115143,-0.09632606526766421,0.43515078036481125,0.008211288650054365
17619657222800,0.08828619,0.603614,0.52540654,0.8951523123115143,-0.09632606526766421,0.43515078036481125,0.008211288650054365
17619690789300,0.08414598,0.6040703,0.52786225,0.9013766203039303,-0.09793512366894165,0.4217924529318974,0.0044751057089830034
17619723390700,0.08082411,0.6040611,0.53021955,0.907950363668038,-0.1000005494029006,0.40696735688505226,0.0018967509562619036
17619756227000,0.08082411,0.6040611,0.53021955,0.907950363668038,-0.1000005494029006,0.40696735688505226,0.0018967509562619036
17619789621500,0.07735425,0.60386395,0.53246516,0.9145011712955302,-0.10247696900775886,0.39138963865593274,-0.00047882654951881496
17619822558900,0.07415116,0.60374707,0.5351161,0.9196460744304721,-0.10505167677701786,0.37842790942937354,-0.0027496101311806453
17619855237800,0.07415116,0.60374707,0.5351161,0.9196460744304721,-0.10505167677701786,0.37842790942937354,-0.0027496101311806453
17619889857700,0.07109895,0.60391396,0.5373089,0.9243250378430632,-0.10658599491147584,0.36638960411477534,-0.004616069948433019
17619922687200,0.0690624,0.6037772,0.53890145,0.9293632639494441,-0.10863186364281414,0.3527701022626639,-0.006024680266592594
17619956004400,0.0683214,0.6036515,0.5400704,0.9347504213704507,-0.11088579613462922,0.33748493283562425,-0.007064706100656139
17619990301500,0.0683214,0.6036515,0.5400704,0.9347504213704507,-0.11088579613462922,0.33748493283562425,-0.007064706100656139
17620030604300,0.06811797,0.60358095,0.5404449,0.9398273673592765,-0.11243903417884483,0.32249110528867697,-0.009026082491735317
17620063413500,0.0684807,0.60370594,0.54041016,0.9443625949940189,-0.11342800666391148,0.30852077472208267,-0.011327314125621445
17620097250200,0.0684807,0.60370594,0.54041016,0.9443625949940189,-0.11342800666391148,0.30852077472208267,-0.011327314125621445
17620130968500,0.06941374,0.60368675,0.5404709,0.9477490506613943,-0.11510232019244071,0.29727287151589055,-0.012330154801927057
17620163471400,0.07082559,0.6032226,0.539966,0.9508573560748268,-0.11638743206391876,0.28663122321759615,-0.01291494997052928
17620195842900,0.07272008,0.6027019,0.53944,0.9534157958595584,-0.11699892748058634,0.27771891014200417,-0.013482511762090766
17620229381800,0.07272008,0.6027019,0.53944,0.9534157958595584,-0.11699892748058634,0.27771891014200417,-0.013482511762090766
17620262073900,0.075410336,0.60171837,0.5376401,0.9565330015265087,-0.1151496863984177,0.2675392510526898,-0.014419287749405284
17620293235300,0.07826349,0.6017269,0.5358899,0.9585901602759406,-0.1151925222614676,0.2600015616561642,-0.015322381457978304
17620326354300,0.07826349,0.6017269,0.5358899,0.9585901602759406,-0.1151925222614676,0.2600015616561642,-0.015322381457978304
17620360570500,0.08161619,0.6023465,0.5331401,0.9608871627917548,-0.11353863703136242,0.2520912847336167,-0.015963158973924425
17620392889500,0.085262746,0.6024494,0.53034955,0.9629169156695806,-0.11245743757033581,0.24474279395438875,-0.01566215374383302
17620425115400,0.085262746,0.6024494,0.53034955,0.9629169156695806,-0.11245743757033581,0.24474279395438875,-0.01566215374383302
17620456163400,0.089458324,0.6016964,0.52723193,0.9647456031635981,-0.11355044284251786,0.2369577269343188,-0.014941678382767174
17620491795700,0.09518103,0.60081816,0.52399653,0.9663914179370281,-0.11773622034729754,0.22804331981538026,-0.014901477898955993
17620526540100,0.09518103,0.60081816,0.52399653,0.9663914179370281,-0.11773622034729754,0.22804331981538026,-0.014901477898955993
17620559492100,0.09941866,0.6006055,0.52168083,0.9679150277161919,-0.11836663765814857,0.2210824853197921,-0.015886248628668026
17620591537600,0.104057826,0.6008345,0.51874244,0.9700753167926714,-0.11679994622329484,0.21206519953379213,-0.018439182696810476
17620623278300,0.10829226,0.60082287,0.5161984,0.9721693508458039,-0.11745174236161492,0.20158442429055107,-0.02134388380112946
17620655477100,0.10829226,0.60082287,0.5161984,0.9721693508458039,-0.11745174236161492,0.20158442429055107,-0.02134388380112946
17620688603000,0.11125406,0.60113186,0.5137871,0.9741622363882395,-0.11869961248273564,0.1906390798226664,-0.02398083476193636
17620721370400,0.11318029,0.60144114,0.51186705,0.975894692618283,-0.1204171075596777,0.18010856506328204,-0.02627116132327147
17620754747100,0.11318029,0.60144114,0.51186705,0.975894692618283,-0.1204171075596777,0.18010856506328204,-0.02627116132327147
17620807250900,0.11382902,0.60166484,0.51037943,0.9775859091953839,-0.12179136434159099,0.16942098445891707,-0.028092414268265153
17620839462800,0.11345908,0.6018025,0.509305,0.9793564769674801,-0.12219024534421127,0.15822290645459544,-0.029932371065912032
17620876805100,0.112162605,0.6016303,0.5085532,0.9810674991786785,-0.12169963980213311,0.14723824165144128,-0.031885105029093225
17620906170100,0.11033249,0.6007338,0.5082569,0.9825468987000783,-0.12174057639375427,0.13658824984291298,-0.033533176393305164
17620935091400,0.11033249,0.6007338,0.5082569,0.9825468987000783,-0.12174057639375427,0.13658824984291298,-0.033533176393305164
17620963421000,0.1075694,0.59973526,0.5086536,0.983826409776436,-0.12300705717835166,0.12528178332974263,-0.035487097323526735
17620993855000,0.1075694,0.59973526,0.5086536,0.983826409776436,-0.12300705717835166,0.12528178332974263,-0.035487097323526735
17621026506200,0.10416621,0.5997066,0.50941974,0.9852104170023835,-0.12422858441254533,0.11188084048346758,-0.037554900846061834
17621059444600,0.10085118,0.60011953,0.509878,0.9869646829503105,-0.12262789522477087,0.09672213322978847,-0.03883224002056279
17621093556100,0.10085118,0.60011953,0.509878,0.9869646829503105,-0.12262789522477087,0.09672213322978847,-0.03883224002056279
17621125891700,0.0973102,0.60050005,0.51018536,0.9885747270960554,-0.12059909138972345,0.08079629266495052,-0.04059343782598874
17621158586900,0.09348285,0.6007464,0.5103813,0.9895849292517813,-0.11983350393179264,0.06665206672288596,-0.04380754655015581
17621191471500,0.089727245,0.6009538,0.510306,0.9902853287852088,-0.11955237952973459,0.05347363331269332,-0.04672008863314201
17621225054100,0.089727245,0.6009538,0.510306,0.9902853287852088,-0.11955237952973459,0.05347363331269332,-0.04672008863314201
17621260095900,0.08619727,0.6010944,0.5102741,0.9907952835138776,-0.12033754297014634,0.038662193529131715,-0.048464592333774995
17621295679900,0.08334395,0.6013841,0.50991386,0.9912628224494298,-0.12027128597035866,0.022632657090434327,-0.04919956741327416
17621323544100,0.08334395,0.6013841,0.50991386,0.9912628224494298,-0.12027128597035866,0.022632657090434327,-0.04919956741327416
17621356541000,0.08154153,0.6014262,0.5095741,0.991447386949145,-0.12026428250103247,0.009686488359347016,-0.049746891455532
17621390079600,0.08029751,0.60176164,0.50911576,0.9914013400344653,-0.12047127116679733,-0.002588691600982619,-0.051023077887533824
17621422609200,0.08029751,0.60176164,0.50911576,0.9914013400344653,-0.12047127116679733,-0.002588691600982619,-0.051023077887533824
17621456787100,0.08000271,0.6019682,0.5087658,0.991170832781877,-0.12087206974092404,-0.014965124950267989,-0.052405801532355065
17621491365500,0.080515206,0.6018039,0.5085777,0.9906800052379996,-0.12207937775979007,-0.027829007986752047,-0.05362181516782874
17621521521300,0.080515206,0.6018039,0.5085777,0.9906800052379996,-0.12207937775979007,-0.027829007986752047,-0.05362181516782874
17621554502100,0.08168805,0.601492,0.5086443,0.9901293054159958,-0.12300000880185095,-0.03903559555309534,-0.054691669118775266
17621587698700,0.08354433,0.6010928,0.50868964,0.9896487582759548,-0.12280055160561933,-0.04955454611660913,-0.055314615856871766
17621620524500,0.08610522,0.60054845,0.5088478,0.989328096286975,-0.12166921021627546,-0.058191031630303806,-0.055139142361289896
17621653546500,0.08610522,0.60054845,0.5088478,0.989328096286975,-0.12166921021627546,-0.058191031630303806,-0.055139142361289896
17621687029800,0.08989492,0.5996746,0.5091596,0.9889365439832221,-0.12035011547978824,-0.06722845139184414,-0.05477861810941239
17621719712900,0.09370471,0.5991317,0.5096074,0.9884973005138844,-0.1197000772586796,-0.07435414586826919,-0.0549221209826205
17621752827200,0.09370471,0.5991317,0.5096074,0.9884973005138844,-0.1197000772586796,-0.07435414586826919,-0.0549221209826205
17621785983600,0.09863285,0.5990904,0.5103066,0.9878747159645636,-0.11935951776791227,-0.08234693530174578,-0.05546019583948843
17621818505600,0.10416096,0.59901273,0.5113146,0.9873103309636121,-0.11786835775239178,-0.09033735564766993,-0.05625409129888461
17621851688400,0.10416096,0.59901273,0.5113146,0.9873103309636121,-0.11786835775239178,-0.09033735564766993,-0.05625409129888461
17621885540300,0.110072926,0.59890115,0.51244235,0.986713165745729,-0.11570289702333676,-0.09830635321743868,-0.057843142044124114
17621919467400,0.116061345,0.59890246,0.5133787,0.9861640195790445,-0.11283215304784397,-0.1058784888276084,-0.05949098528240685
17621950956600,0.116061345,0.59890246,0.5133787,0.9861640195790445,-0.11283215304784397,-0.1058784888276084,-0.05949098528240685
17622004733400,0.12674856,0.59897494,0.51450884,0.9848259989249966,-0.10890100116364516,-0.12055395782793843,-0.06103332728074096
17622035796400,0.12674856,0.59897494,0.51450884,0.9848259989249966,-0.10890100116364516,-0.12055395782793843,-0.06103332728074096
17622067885200,0.13151528,0.5990271,0.5145141,0.9840432422083403,-0.10769294218939476,-0.12753668507384552,-0.061607804920028764
17622097664800,0.13151528,0.5990271,0.5145141,0.9840432422083403,-0.10769294218939476,-0.12753668507384552,-0.061607804920028764
17622126724600,0.13408715,0.59923047,0.5142778,0.9835138328227374,-0.10783683640230869,-0.131354530532738,-0.06178790067314496
17622157581500,0.13641252,0.59978825,0.5136546,0.9827939483801872,-0.10875798669718109,-0.13612310706643235,-0.061304608957551986
17622188486500,0.13641252,0.59978825,0.5136546,0.9827939483801872,-0.10875798669718109,-0.13612310706643235,-0.061304608957551986
17622221632200,0.13828893,0.60014266,0.5127639,0.9819280831703483,-0.10964411911537168,-0.14168566601583796,-0.06099654638148175
17622254530900,0.1397194,0.60032904,0.5116723,0.9808644873930079,-0.11017253563192628,-0.14792395503549724,-0.06233276257587153
17622288180500,0.14042959,0.6002655,0.51050353,0.9795789178905686,-0.11027261879315818,-0.15509626437206528,-0.0648863772040939
17622320533100,0.14042959,0.6002655,0.51050353,0.9795789178905686,-0.11027261879315818,-0.15509626437206528,-0.0648863772040939
17622353558300,0.14029436,0.59958816,0.50945354,0.9779947347586114,-0.11056886950029747,-0.16340330872517161,-0.067824645812018
17622386961300,0.13909361,0.5985554,0.50866586,0.9760998280233929,-0.11104376903128438,-0.17276024339249035,-0.07107957086953329
17622419467400,0.13909361,0.5985554,0.50866586,0.9760998280233929,-0.11104376903128438,-0.17276024339249035,-0.07107957086953329
17622452536400,0.13696864,0.5980413,0.507817,0.9738316134188223,-0.11152408318465046,-0.18343889300824448,-0.07459584511101312
17622485709700,0.13409154,0.59823513,0.50671136,0.9714802513272791,-0.11047783046815424,-0.1953463798679041,-0.07655430836106403
17622518508100,0.13409154,0.59823513,0.50671136,0.9714802513272791,-0.11047783046815424,-0.1953463798679041,-0.07655430836106403
17622551623300,0.13139285,0.5983419,0.5056586,0.9694848867982512,-0.10975044520583281,-0.20501501606378278,-0.07760629636357215
17622584515100,0.12837104,0.5981918,0.5045676,0.9672888114934407,-0.10997291603559738,-0.21427694881357084,-0.07964736094423075
17622617496900,0.12837104,0.5981918,0.5045676,0.9672888114934407,-0.10997291603559738,-0.21427694881357084,-0.07964736094423075
17622651282600,0.12536442,0.59823304,0.50366837,0.9648705617993613,-0.1098825146025079,-0.2238844290280533,-0.08262199704919465
17622683747500,0.12298329,0.5985203,0.50282186,0.9622530269521642,-0.10856327183269507,-0.23468921735232587,-0.08487696618594733
17622717633900,0.120999165,0.5988228,0.501993,0.9591574683034324,-0.1070590371998289,-0.24718057485769163,-0.08635436853232731
17622749463600,0.120999165,0.5988228,0.501993,0.9591574683034324,-0.1070590371998289,-0.24718057485769163,-0.08635436853232731
17622782545100,0.11976626,0.5995217,0.5010157,0.9564313032870505,-0.105854530477915,-0.257720226747586,-0.08725975701952807
17622815569800,0.11905971,0.59961325,0.50029653,0.9537819403110365,-0.10538474319235241,-0.2671799675061756,-0.08836815717324391
17622848519900,0.11905971,0.59961325,0.50029653,0.9537819403110365,-0.10538474319235241,-0.2671799675061756,-0.08836815717324391
17622881582400,0.119103044,0.59958017,0.4998609,0.95114392166974,-0.10575600798141988,-0.27594949394678436,-0.08940237042190134
17622914610500,0.119757086,0.5993753,0.49957365,0.9485859003900075,-0.10612303647033311,-0.28424283977260556,-0.09015929652343081
17622948243400,0.119757086,0.5993753,0.49957365,0.9485859003900075,-0.10612303647033311,-0.28424283977260556,-0.09015929652343081
17622980481200,0.121144876,0.59903735,0.499634,0.9462533226235543,-0.10617680148566293,-0.29155650737057115,-0.09124658492257046
17623013603300,0.12288833,0.598896,0.4999469,0.9440560028256976,-0.10616123580161983,-0.298420705228567,-0.091832119831376
17623046826000,0.12534328,0.59854674,0.50072366,0.9417934694492567,-0.10560100415594022,-0.30587820872715293,-0.09117022677309321
17623080370900,0.12534328,0.59854674,0.50072366,0.9417934694492567,-0.10560100415594022,-0.30587820872715293,-0.09117022677309321
17623113975300,0.12786226,0.5978863,0.50170827,0.9398502125361823,-0.10510504091209825,-0.31215499643336353,-0.09051942649092529
17623147034400,0.1306184,0.59775406,0.5030273,0.9386744796007221,-0.10492440399221804,-0.31611539947195083,-0.0891748003074869
17623178685800,0.1306184,0.59775406,0.5030273,0.9386744796007221,-0.10492440399221804,-0.31611539947195083,-0.0891748003074869
17623211654400,0.1336526,0.5979774,0.504493,0.9378278705280317,-0.10409656315620429,-0.31920255561740757,-0.08804839173567927
17623244906900,0.13698778,0.5980572,0.5063051,0.9365050348565499,-0.10325236604316931,-0.32359782695480205,-0.08707304396281196
17623277588300,0.13698778,0.5980572,0.5063051,0.9365050348565499,-0.10325236604316931,-0.32359782695480205,-0.08707304396281196
17623311039300,0.14033552,0.5978212,0.5084072,0.9346186060578819,-0.10358775486374047,-0.32922897188176686,-0.0858249516538515
17623344404000,0.14358486,0.597563,0.5104567,0.9329612798560752,-0.10309660974359429,-0.33435505494529444,-0.08462290813497308
17623377714400,0.14358486,0.597563,0.5104567,0.9329612798560752,-0.10309660974359429,-0.33435505494529444,-0.08462290813497308
17623411394200,0.14649943,0.5973706,0.5124553,0.9315844873975324,-0.10185589257471855,-0.33861786406046995,-0.08434252857965185
17623444008500,0.14891028,0.5973699,0.5141815,0.929865875119657,-0.10059189695724541,-0.34364373764844625,-0.08449678177009666
17623476033000,0.1506113,0.59742993,0.515714,0.9273495253349582,-0.1001022666821968,-0.35042364623682354,-0.08488617216133525
17623508585500,0.1506113,0.59742993,0.515714,0.9273495253349582,-0.1001022666821968,-0.35042364623682354,-0.08488617216133525
17623541537400,0.15169768,0.597849,0.5164311,0.9242371608646868,-0.0987259878182979,-0.3587865347875767,-0.08550480840986364
17623574708100,0.1518448,0.59839165,0.51649827,0.9210079898388678,-0.0975863529186673,-0.36702955080499255,-0.08666311333483712
17623607522000,0.1518448,0.59839165,0.51649827,0.9210079898388678,-0.0975863529186673,-0.36702955080499255,-0.08666311333483712
17623662811700,0.15120986,0.59885573,0.5158117,0.9172939112388262,-0.09656445555858958,-0.37639615651186387,-0.08702367315820599
17623693428500,0.14959925,0.5987926,0.51460683,0.9133099728637281,-0.0965235786966143,-0.3859062182793333,-0.08731828512172127
17623726704100,0.14700738,0.59827435,0.5129055,0.9091184266588076,-0.09566663635704731,-0.3955930401861727,-0.08864382411541205
17623755990800,0.14700738,0.59827435,0.5129055,0.9091184266588076,-0.09566663635704731,-0.3955930401861727,-0.08864382411541205
17623785445700,0.14387146,0.59785783,0.5107791,0.9043631625148107,-0.0934170028873734,-0.40640275050125874,-0.09075978317934653
17623815296500,0.14050479,0.597978,0.50831693,0.89851785175976,-0.09111722822030902,-0.41906438417174924,-0.09353268257259921
17623846345600,0.14050479,0.597978,0.50831693,0.89851785175976,-0.09111722822030902,-0.41906438417174924,-0.09353268257259921
17623879587200,0.13695739,0.5981526,0.5056396,0.8919769258544258,-0.08962898886141972,-0.43277738566476914,-0.09511857103707573
17623912711800,0.13355497,0.5981987,0.5030872,0.8856607550772776,-0.08921346939905032,-0.4453415900860924,-0.09652384126899538
17623945820100,0.13355497,0.5981987,0.5030872,0.8856607550772776,-0.08921346939905032,-0.4453415900860924,-0.09652384126899538
17623978534400,0.1302877,0.5982505,0.50061655,0.8796201396033195,-0.08825141921783673,-0.45687833794367055,-0.09870299553764005
17624011959400,0.12757768,0.5984081,0.49859574,0.8733791801571286,-0.08735641534814177,-0.46840884444562053,-0.10085047749368102
17624044486500,0.12757768,0.5984081,0.49859574,0.8733791801571286,-0.08735641534814177,-0.46840884444562053,-0.10085047749368102
17624077497900,0.12537757,0.5984249,0.4971159,0.8662039717909539,-0.08669678975521614,-0.4813003555142573,-0.10258807767750508
17624111056000,0.123758376,0.5985798,0.49627435,0.8594126907016121,-0.08645571415496554,-0.49303396662107796,-0.10417650555118434
17624145116200,0.12263119,0.5986909,0.49611446,0.852984938821142,-0.0857822468288158,-0.5038519189736643,-0.10578914887571646
17624178407600,0.12263119,0.5986909,0.49611446,0.852984938821142,-0.0857822468288158,-0.5038519189736643,-0.10578914887571646
17624210383000,0.12183949,0.5984789,0.49685636,0.8468455873877634,-0.08547820764912072,-0.5136933017870311,-0.10800564262160595
17624244356900,0.1215856,0.5979499,0.49867776,0.8409281453234462,-0.08521742107499496,-0.5228334280101137,-0.11055791289360148
17624276635100,0.1215856,0.5979499,0.49867776,0.8409281453234462,-0.08521742107499496,-0.5228334280101137,-0.11055791289360148
17624308471100,0.121671595,0.5977559,0.50117785,0.8352777857796841,-0.08490798917735265,-0.5313528037329908,-0.11298606959239124
17624343411500,0.12208957,0.5977118,0.50420743,0.8306453258499701,-0.08370371906681602,-0.5385393433218905,-0.11400616541401436
17624374699600,0.12208957,0.5977118,0.50420743,0.8306453258499701,-0.08370371906681602,-0.5385393433218905,-0.11400616541401436
17624407567000,0.12291364,0.597877,0.50766915,0.8268947976762571,-0.08156795906111348,-0.5446841434629812,-0.11362590149497157
17624440460700,0.12413317,0.5980076,0.5115664,0.8235950346605669,-0.07898792169482155,-0.5502060403039524,-0.11280709340213482
17624474179000,0.12579793,0.5980372,0.5162494,0.8204517253930109,-0.07698512722725111,-0.5554477603167064,-0.11140036824261375
17624507258300,0.12579793,0.5980372,0.5162494,0.8204517253930109,-0.07698512722725111,-0.5554477603167064,-0.11140036824261375
17624539397000,0.12741882,0.5979853,0.52090734,0.8184952050418458,-0.07641457770428381,-0.5586749292689772,-0.11003969758267292
17624573098100,0.12910265,0.59809506,0.5260059,0.817279284215655,-0.07605834424449491,-0.5606864472549862,-0.10908898994543013
17624606421100,0.12910265,0.59809506,0.5260059,0.817279284215655,-0.07605834424449491,-0.5606864472549862,-0.10908898994543013
17624638696100,0.13104096,0.5981465,0.5315633,0.8163490556648398,-0.07502905349404297,-0.5624977961869554,-0.10742946398326042
17624671526800,0.1329894,0.5981205,0.5368794,0.815088061213874,-0.07442952341648325,-0.5647158118477975,-0.10577216249886413
17624705745100,0.1329894,0.5981205,0.5368794,0.815088061213874,-0.07442952341648325,-0.5647158118477975,-0.10577216249886413
17624737413600,0.13508697,0.59800756,0.542171,0.8137123558923622,-0.07469538034374053,-0.5670073114712262,-0.10390144735073399
17624771304300,0.13721895,0.5978096,0.54727274,0.8122314522957224,-0.07558228678207848,-0.5693094542717072,-0.10224544539109888
17624803397800,0.13721895,0.5978096,0.54727274,0.8122314522957224,-0.07558228678207848,-0.5693094542717072,-0.10224544539109888
17624836380200,0.13908681,0.597453,0.5520658,0.8102356837855191,-0.07705209440073549,-0.5721943519238605,-0.10086989191778646
17624869505700,0.14066814,0.59720653,0.5565101,0.8078199499841174,-0.07862271147669897,-0.5756295212049352,-0.09947890211038256
17624903332600,0.14200401,0.5971578,0.56035525,0.8054632127736262,-0.07903368616089862,-0.5791314152491243,-0.09792595770149605
17624935497800,0.14200401,0.5971578,0.56035525,0.8054632127736262,-0.07903368616089862,-0.5791314152491243,-0.09792595770149605
17624969056700,0.14315203,0.59741473,0.5637768,0.802742988403006,-0.07931548225613312,-0.583035245853324,-0.09686408486659216
17625002105100,0.14386255,0.59789467,0.56605,0.799827950669142,-0.07976685152565775,-0.587075046388855,-0.09620493040176299
17625034579900,0.14386255,0.59789467,0.56605,0.799827950669142,-0.07976685152565775,-0.587075046388855,-0.09620493040176299
17625067624800,0.14440186,0.59839636,0.5680273,0.7959403049394669,-0.08096147667896805,-0.5923130888905417,-0.09533873816961522
17625102174600,0.14456761,0.598606,0.5693775,0.7920985991586761,-0.08183742445751914,-0.5974197176541983,-0.09472130767151002
17625134890200,0.14456761,0.598606,0.5693775,0.7920985991586761,-0.08183742445751914,-0.5974197176541983,-0.09472130767151002
17625167428400,0.14457035,0.59854,0.57024336,0.7883528607431175,-0.08115094912783581,-0.6023792156342376,-0.09515025478512978
17625200207600,0.14444526,0.5981972,0.5705282,0.783928246943444,-0.07927503449098063,-0.608183431531578,-0.09635811414254039
17625232423300,0.14444526,0.5981972,0.5705282,0.783928246943444,-0.07927503449098063,-0.608183431531578,-0.09635811414254039
17625265361800,0.14404005,0.59758323,0.57015,0.7784244761315151,-0.07841214962973364,-0.6149953215106793,-0.09842572971432097
17625298358000,0.14342909,0.597093,0.56909865,0.7722467451463256,-0.0792025098050979,-0.6222493441763074,-0.10083491817636711
17625331371900,0.14255777,0.59707266,0.56735736,0.7669682428235579,-0.0805506947144852,-0.6282199931139596,-0.10300941866185992
17625364440100,0.14255777,0.59707266,0.56735736,0.7669682428235579,-0.0805506947144852,-0.6282199931139596,-0.10300941866185992
17625397359300,0.14132068,0.5969335,0.5651351,0.7631369006954636,-0.08177767007333961,-0.6325664449141071,-0.10389502511201547
17625430543200,0.13978937,0.5967558,0.56288016,0.7605783958752427,-0.0829855745689981,-0.6354790657242194,-0.10392427612242056
17625463608300,0.13978937,0.5967558,0.56288016,0.7605783958752427,-0.0829855745689981,-0.6354790657242194,-0.10392427612242056
17625496855900,0.13792568,0.5967515,0.5605353,0.758591580608505,-0.08364811053095915,-0.6378974339157423,-0.103095447223443
17625530034700,0.13792568,0.5967515,0.5605353,0.758591580608505,-0.08364811053095915,-0.6378974339157423,-0.103095447223443
17625562412700,0.13553886,0.59697133,0.5581599,0.7565131161453883,-0.0836999517559553,-0.6406769870081822,-0.10107037891569651
17625595400700,0.13367039,0.5971547,0.5567031,0.7549117256459434,-0.08360748210498976,-0.6428209627061622,-0.09949515226306502
17625628439900,0.13367039,0.5971547,0.5567031,0.7549117256459434,-0.08360748210498976,-0.6428209627061622,-0.09949515226306502
