17605034187400
17605066992300
17605100515700
17605133240900
17605165924900
17605198951400
17605231980900
17605264916000
17605299153400
17605331702400
17605363858200
17605397117600
17605430071500
17605463042100
17605515446900
17605544835100
17605573262100
17605600687200
17605632103900
17605665594000
17605698675100
17605731927500
17605764559300
17605798225400
17605831363100
17605863579600
17605896472100
17605929395900
17605962371200
17605995690400
17606028934500
17606061372700
17606095161200
17606127477700
17606160527900
17606193412500
17606226987400
17606259314800
17606293396900
17606325398800
17606358395300
17606391362400
17606424679900
17606457279500
17606491153500
17606523370500
17606556421700
17606589328700
17606622429200
17606655810400
17606689115900
17606721325000
17606754430400
17606787758500
17606821166700
17606853331200
17606886761700
17606919592300
17606952226100
17606985743100
17607018374600
17607051348300
17607084518300
17607117405800
17607150505800
17607183390600
17607218931500
17607250381600
17607282494800
17607316273100
17607348301200
17607382628600
17607414636800
17607448081800
17607480502700
17607513340100
17607546359200
17607579232500
17607612343300
17607646312700
17607678948900
17607711288900
17607744719400
17607781231900
17607811124900
17607843509300
17607876356400
17607912151800
17607942546800
17607977430600
17608009442200
17608044170800
17608076359400
17608107937700
17608145624700
17608173341500
17608206558000
17608240053700
17608272583200
17608307000100
17608341132800
17608371363000
17608404291800
17608437329600
17608471020800
17608503459700
17608536535900
17608569383500
17608602482100
17608635292200
17608668260300
17608701456000
17608734334600
17608767400300
17608800733100
17608833390100
17608866437800
17608899783000
17608932263600
17608965278100
17608998284600
17609031331500
17609064384800
17609097554100
17609130497200
17609163460200
17609196261500
17609229390600
17609262285100
17609297192300
17609328267000
17609361261600
17609394294900
17609427293900
17609460352400
17609494000300
17609526534100
17609559234900
17609592413700
17609625718200
17609658470900
17609694027300
17609724859200
17609757388000
17609790675200
17609823319500
17609856279200
17609889894000
17609922259300
17609956438900
17609988455000
17610021312200
17610054245600
17610087775000
17610120168200
17610153260400
17610186212600
17610219277800
17610252313500
17610285482300
17610318451500
17610351280000
17610384586700
17610417311500
17610450345100
17610483254700
17610516546900
17610549256300
17610582257100
17610615270300
17610648285500
17610681288200
17610714346500
17610747259800
17610780299400
17610813379600
17610846481900
17610879860000
17610912323500
17610945234600
17610979422900
17611012091500
17611047211900
17611077576600
17611110902800
17611143378200
17611177454500
17611209285400
17611242562100
17611279140900
17611309678000
17611341942500
17611376060200
17611407851100
17611441129700
17611474228400
17611506483700
17611539806000
17611572230900
17611605483000
17611638400300
17611671271000
17611705313800
17611737552200
17611770306500
17611803200600
17611836333100
17611869196800
17611902223000
17611935509400
17611968309200
17612001353900
17612034166000
17612067405900
17612099968600
17612132952400
17612165985500
17612198799300
17612232002900
17612265105000
17612298159900
17612331086500
17612364073600
17612397057800
17612430045300
17612463040400
17612496480800
17612528996000
17612562197100
17612595030700
17612628074200
17612661034000
17612694736100
17612726991900
17612769665800
17612798072900
17612828454600
17612859280800
17612892692100
17612925084400
17612958204100
17612991351600
17613025199800
17613057059900
17613090749400
17613123015300
17613156445600
17613189020200
17613222271700
17613255311600
17613288564200
17613321306000
17613353997700
17613387068600
17613420015600
17613452997500
17613486378700
17613519055300
17613552167500
17613585007800
17613617943700
17613651090200
17613683960200
17613716974400
17613749902800
17613782852600
17613815904700
17613849064300
17613881778600
17613914904900
17613947819100
17613980959300
17614013775500
17614046743100
17614079887400
17614113164900
17614145760800
17614178806400
17614211889900
17614245819400
17614277661500
17614311090700
17614343811900
17614376853900
17614409780500
17614442727400
17614483991900
17614514431200
17614545829000
17614576309400
17614607851500
17614640677300
17614673728200
17614706675400
17614739678200
17614773417200
17614806628300
17614839975500
17614871566900
17614906710900
17614937585300
17614970501100
17615003504500
17615037224700
17615069266200
17615102550600
17615135418600
17615168445400
17615201323200
17615234692300
17615269919200
17615300916700
17615333600200
17615366466200
17615399425200
17615432296900
17615465438700
17615498607200
17615531244800
17615564601700
17615597556800
17615630694300
17615663109500
17615697311800
17615729543700
17615762374000
17615795384400
17615828289500
17615861316600
17615894869400
17615927251600
17615967692900
17615997785400
17616030911900
17616059368500
17616094555600
17616126674500
17616158456100
17616191297400
17616224291000
17616257344500
17616291077400
17616324306200
17616356462700
17616389886700
17616422362500
17616455347800
17616489633400
17616521384100
17616555594200
17616587116100
17616620353000
17616653637600
17616686618200
17616719242700
17616752245400
17616785183400
17616818220100
17616851207300
17616884233800
17616917703200
17616950422000
17616983234400
17617016486400
17617049198300
17617082325800
17617115297800
17617148213200
17617181259800
17617214790800
17617247242100
17617280286300
17617313948600
17617346399900
17617379475500
17617412453900
17617446007800
17617478486600
17617511358200
17617544373500
17617577458000
17617611099500
17617643809300
17617676852900
17617716911100
17617745802800
17617775802300
17617808846100
17617841162600
17617874270500
17617907187400
17617940134800
17617973537200
17618006498900
17618040129700
17618073164500
17618105476000
17618138616500
17618173361400
17618204860600
17618237628700
17618271293000
17618303585500
17618337249800
17618369512900
17618402505100
17618435465400
17618468601500
17618502028300
17618534798800
17618567627600
17618600701500
17618633706600
17618666692300
17618699747800
17618732784500
17618765764100
17618799020100
17618831900300
17618864888100
17618897895700
17618930988600
17618964186200
17618997128300
17619030190300
17619063168800
17619097007800
17619129110400
17619163417400
17619195808900
17619228277900
17619262184100
17619294775700
17619327675600
17619360422500
17619393704900
17619426437400
17619459145600
17619492763000
17619525487400
17619558117800
17619591164500
17619624130400
17619657222800
17619690789300
17619723390700
17619756227000
17619789621500
17619822558900
17619855237800
17619889857700
17619922687200
17619956004400
17619990301500
17620030604300
17620063413500
17620097250200
17620130968500
17620163471400
17620195842900
17620229381800
17620262073900
17620293235300
17620326354300
17620360570500
17620392889500
17620425115400
17620456163400
17620491795700
17620526540100
17620559492100
17620591537600
17620623278300
17620655477100
17620688603000
17620721370400
17620754747100
17620807250900
17620839462800
17620876805100
17620906170100
17620935091400
17620963421000
17620993855000
17621026506200
17621059444600
17621093556100
17621125891700
17621158586900
17621191471500
17621225054100
17621260095900
17621295679900
17621323544100
17621356541000
17621390079600
17621422609200
17621456787100
17621491365500
17621521521300
17621554502100
17621587698700
17621620524500
17621653546500
17621687029800
17621719712900
17621752827200
17621785983600
17621818505600
17621851688400
17621885540300
17621919467400
17621950956600
17622004733400
17622035796400
17622067885200
17622097664800
17622126724600
17622157581500
17622188486500
17622221632200
17622254530900
17622288180500
17622320533100
17622353558300
17622386961300
17622419467400
17622452536400
17622485709700
17622518508100
17622551623300
17622584515100
17622617496900
17622651282600
17622683747500
17622717633900
17622749463600
17622782545100
17622815569800
17622848519900
17622881582400
17622914610500
17622948243400
17622980481200
17623013603300
17623046826000
17623080370900
17623113975300
17623147034400
17623178685800
17623211654400
17623244906900
17623277588300
17623311039300
17623344404000
17623377714400
17623411394200
17623444008500
17623476033000
17623508585500
17623541537400
17623574708100
17623607522000
17623662811700
17623693428500
17623726704100
17623755990800
17623785445700
17623815296500
17623846345600
17623879587200
17623912711800
17623945820100
17623978534400
17624011959400
17624044486500
17624077497900
17624111056000
17624145116200
17624178407600
17624210383000
17624244356900
17624276635100
17624308471100
17624343411500
17624374699600
17624407567000
17624440460700
17624474179000
17624507258300
17624539397000
17624573098100
17624606421100
17624638696100
17624671526800
17624705745100
17624737413600
17624771304300
17624803397800
17624836380200
17624869505700
17624903332600
17624935497800
17624969056700
17625002105100
17625034579900
17625067624800
17625102174600
17625134890200
17625167428400
17625200207600
17625232423300
17625265361800
17625298358000
17625331371900
17625364440100
17625397359300
17625430543200
17625463608300
17625496855900
17625530034700
17625562412700
17625595400700
17625628439900
