17605034187400.000000 0.000000000 0.000000000 0.000000000 0.10610905129882053 0.5129212735138471 0.0827623024932699 -0.8478225272398758
17605066992300.000000 -0.001136617 0.000141196 0.000729862 0.10619568057112673 0.5136753002921715 0.08306643178332052 -0.8473252806381796
17605100515700.000000 -0.001414002 0.000670069 0.001428143 0.10584229747817153 0.5141372787048535 0.08369547481733954 -0.8470273515097433
17605133240900.000000 -0.000334463 0.000001234 0.001157578 0.10582799915610362 0.514097704649275 0.08364162423542708 -0.8470584769449051
17605165924900.000000 -0.000534346 -0.000959882 0.000365873 0.10608428070949605 0.5144032350329847 0.08359568337416141 -0.8468454397912027
17605198951400.000000 -0.000025458 -0.000870554 0.000153987 0.10570221217345416 0.5144505166641158 0.08370809817024492 -0.8468533890505388
17605231980900.000000 -0.000847953 -0.000493960 0.000978736 0.1055732700685002 0.5148601497362726 0.08322452633357735 -0.846668169401176
17605264916000.000000 -0.000107494 0.000192316 0.001075373 0.10475410774290232 0.5149415944058432 0.08262340264666647 -0.8467792537591149
17605299153400.000000 -0.000568575 -0.000294881 0.001184831 0.10504677204149011 0.5154345763325622 0.08191336459007707 -0.8465120045847362
17605331702400.000000 -0.000703216 -0.000439391 0.001462624 0.1046633387291166 0.5158781985594453 0.08110272328336798 -0.8463673068196558
17605363858200.000000 -0.000097363 -0.000718556 0.001214621 0.10450225097006673 0.5161966803215067 0.08052220453867678 -0.8462484513093521
17605397117600.000000 0.000284877 -0.000230004 0.001410465 0.10384272974242609 0.5162886610431956 0.08022233366539183 -0.8463020046881281
17605430071500.000000 -0.000057555 -0.000314955 0.002161248 0.10408687210061952 0.5166130295113198 0.08014022255996968 -0.846081819638907
17605463042100.000000 -0.000702428 -0.000856094 0.002023109 0.10468325568614556 0.516974959837525 0.07992540289300282 -0.8458074466758553
17605515446900.000000 -0.000748901 -0.001136794 0.001589710 0.10502661827499049 0.5170482879684042 0.07999611453925758 -0.845713366940173
17605544835100.000000 -0.000697365 -0.000151226 0.001758864 0.10536553950393829 0.5169231350962197 0.08045043344646413 -0.8457046193829236
17605573262100.000000 -0.000417072 0.000021480 0.001375951 0.10523637297879986 0.516848852107444 0.08014020891125499 -0.8457955525971658
17605600687200.000000 -0.000377391 -0.000386439 0.001004981 0.10536758447540162 0.5170851424154399 0.08024723535926201 -0.8456246264461664
17605632103900.000000 -0.001461142 -0.000040698 0.002138170 0.1048155645866925 0.5176984978296466 0.08052437551042954 -0.8452915400700256
17605665594000.000000 -0.000635920 -0.000317544 0.001471975 0.10363981634075355 0.5182150774928314 0.08060261276923558 -0.8451125018260743
17605698675100.000000 -0.002100465 -0.000397387 0.002661915 0.10355236247574108 0.5192165620853738 0.08076461641559494 -0.8444928339643741
17605731927500.000000 -0.001037741 0.000654647 0.002270065 0.10248353187414516 0.5193517681474547 0.08075859758566109 -0.8445406535701588
17605764559300.000000 -0.001287076 -0.000476865 0.002300160 0.10323826317241425 0.5196467110832821 0.07989141130195984 -0.8443497611047523
17605798225400.000000 -0.000922881 0.000041151 0.002041672 0.10286152011581323 0.5195271127794197 0.07963511265953445 -0.8444935379256894
17605831363100.000000 -0.000222593 0.000024744 0.001810428 0.1031065795333507 0.5190815717964278 0.07948530365297815 -0.8447517041009603
17605863579600.000000 0.000549047 -0.000790675 0.000502978 0.10393777582791758 0.5184483861855473 0.07944083468502731 -0.8450428174963049
17605896472100.000000 -0.000707450 -0.000510471 0.001539365 0.10452490502536087 0.5185981205872728 0.07978320807125948 -0.844846242379432
17605929395900.000000 0.000755180 0.000104937 0.000555776 0.10401200119092996 0.5181102351619321 0.08027189978158349 -0.8451625346252406
17605962371200.000000 0.000756856 0.000283961 0.000685331 0.10391268652327643 0.5180734631224503 0.08053650762663439 -0.8451721193503319
17605995690400.000000 0.001258793 0.000447560 0.000753989 0.10355561984167863 0.5179852981926627 0.08068571025389543 -0.845255748644331
17606028934500.000000 -0.000312687 -0.000539423 0.000827688 0.10469326896150656 0.5185479159101155 0.08053839357151045 -0.8447845556710598
17606061372700.000000 -0.000590730 -0.001083693 0.000785787 0.10490984598947929 0.5187897108201609 0.08019116889245426 -0.8446422536158487
17606095161200.000000 -0.000422577 0.000055566 0.001862943 0.10393425880926996 0.5188900571847407 0.08022546705720404 -0.8446979654503957
17606127477700.000000 -0.000260515 -0.000298944 0.002131779 0.10357005308577731 0.5190024200248999 0.0798585881562098 -0.8447084337271669
17606160527900.000000 -0.000256881 -0.000619600 0.001775167 0.10360476264277808 0.5190424467054285 0.08032006784809145 -0.844635825889865
17606193412500.000000 -0.000927755 -0.000553973 0.002074728 0.10350438418360731 0.5188913993022507 0.0813784638703655 -0.8446396295480245
17606226987400.000000 0.000097345 0.001141592 0.002203183 0.10186224224984342 0.5177979376854623 0.08175341897238513 -0.8454736884249219
17606259314800.000000 -0.000247136 0.000384225 0.001644485 0.1027484977785804 0.5173072841375614 0.08173021609154646 -0.8456690202201418
17606293396900.000000 0.000843183 -0.000061781 0.000710091 0.10271461917399537 0.5168746089703458 0.08169023166760395 -0.8459415178721202
17606325398800.000000 0.000339578 0.000727988 0.002247258 0.10275872069588494 0.5172892855241695 0.0817368726066302 -0.8456781444848429
17606358395300.000000 0.000861804 0.000677806 0.001938020 0.10333455334352039 0.5177042998739169 0.08127312802137174 -0.845398667280103
17606391362400.000000 0.002440210 -0.000671542 -0.000183684 0.10427392154916496 0.5174389943553181 0.08099416804510785 -0.8454725194516949
17606424679900.000000 0.002439750 0.000333610 0.000162970 0.1040004749723548 0.5173519963384153 0.08145481015562234 -0.8455151843655396
17606457279500.000000 0.000750225 -0.000098655 0.001296735 0.10546326827090745 0.5173556872205841 0.08199185016583185 -0.8452797929990515
17606491153500.000000 0.000246907 0.000022999 0.001409512 0.10506284292334397 0.5172841567284542 0.08221445416855798 -0.8453518106447534
17606523370500.000000 0.000599364 0.000421680 0.001940634 0.10493930065247284 0.5172944621904437 0.08236477586776149 -0.8453462168022774
17606556421700.000000 0.002040847 -0.000001037 0.000735441 0.1050896782398102 0.5171496822447341 0.08236401560963443 -0.8454161901775241
17606589328700.000000 -0.000978636 0.000794441 0.003223423 0.10637224888340838 0.5183567700966976 0.08274067762766514 -0.8444792382457491
17606622429200.000000 0.000222696 -0.000401538 0.001969881 0.10654362350100408 0.5181710756506949 0.08229982094981228 -0.844614664874999
17606655810400.000000 0.000477689 -0.001170734 0.001484007 0.10692562273975162 0.5181157966248469 0.08213250231656566 -0.8446165902661018
17606689115900.000000 0.000636196 -0.000136054 0.001338047 0.10600407049657078 0.5182100714488282 0.08222887375183724 -0.8446655380733032
17606721325000.000000 0.002053724 0.000961322 0.001417850 0.10488045806516852 0.5181488349829102 0.08188686626598582 -0.8448765681772871
17606754430400.000000 0.002131262 0.000278685 0.001618175 0.10492618445279091 0.5184905385914182 0.08133920902466171 -0.8447141470832616
17606787758500.000000 0.002467758 0.000475126 0.001992876 0.10473870442621915 0.5190107892610877 0.0805811757047884 -0.8444905437882263
17606821166700.000000 0.001758812 0.000265675 0.002336173 0.10480955898435608 0.5195003733288946 0.07996772399246568 -0.844238995531543
17606853331200.000000 0.002830622 0.000103237 0.001867365 0.10464329155441539 0.5191149800465563 0.07988700128935954 -0.8445042842099233
17606886761700.000000 0.002958748 0.000131188 0.002017701 0.10502543791907704 0.5188768470394235 0.08011264588650097 -0.8445818130680989
17606919592300.000000 0.004717159 -0.001136883 0.000637209 0.10494930959395211 0.5179853515264856 0.07976070047795451 -0.8451716090114493
17606952226100.000000 0.004233070 -0.001162862 0.000769556 0.10489459774270127 0.5179902076495071 0.07973725544931838 -0.8451776370899952
17606985743100.000000 0.003002107 -0.000719986 0.002376671 0.10500627194044757 0.5185270487875783 0.07954419581467467 -0.8448527110928922
17607018374600.000000 0.002027074 -0.000321598 0.003278709 0.10526885708291873 0.5194888543115556 0.07949738324893223 -0.8442333587528367
17607051348300.000000 0.003950106 -0.000541829 0.002473660 0.10458591060968797 0.5195987603149934 0.07920083431444441 -0.8442784750453848
17607084518300.000000 0.005079108 -0.001363138 0.001396255 0.10438794536889215 0.519866598293477 0.07903420369238749 -0.8441537013406623
17607117405800.000000 0.005895711 -0.000620174 0.001867105 0.10444188575785239 0.5199419536705285 0.07879088682321184 -0.8441233638907464
17607150505800.000000 0.004340518 0.000422823 0.003522203 0.10492001876104803 0.5205026728477582 0.07877846820377007 -0.8437195684402422
17607183390600.000000 0.005269100 0.000151925 0.002864118 0.10568267071384944 0.5199522714558721 0.07885882637434512 -0.8439562157016962
17607218931500.000000 0.003015830 -0.000040278 0.003830545 0.10781140225588629 0.5202422004314834 0.07913970759515994 -0.8434818676863068
17607250381600.000000 0.003222328 -0.000645757 0.004181871 0.10896070124491349 0.519986922040169 0.07891962371007762 -0.8435122165593498
17607282494800.000000 0.007118620 -0.000637646 0.001809993 0.10818124665429385 0.5190495204379371 0.07859572811651536 -0.8442198319912327
17607316273100.000000 0.005990990 0.000014972 0.002854866 0.10859478081254186 0.51963653406291 0.07895543349187827 -0.8437719393114895
17607348301200.000000 0.002668891 -0.000216622 0.004446252 0.10945625115818991 0.5215709142943379 0.08002392792114461 -0.8423652897672335
17607382628600.000000 0.005904053 -0.001611844 0.001904927 0.10722965357048464 0.5222794879151178 0.08131854930328687 -0.8420886125803418
17607414636800.000000 0.005633496 -0.001251305 0.002678839 0.1047097500302668 0.5247211006507075 0.08454890041906156 -0.8405683304874368
17607448081800.000000 0.002306407 -0.002709862 0.004819673 0.10358458203495775 0.5289364738489617 0.08839524032519898 -0.8376650419378382
17607480502700.000000 0.004314016 -0.003127405 0.002973284 0.09929242319524738 0.5321183462794873 0.09173983897650763 -0.8358079218297492
17607513340100.000000 0.009638011 -0.006877571 -0.002329780 0.09614363439175433 0.5351657259583177 0.09354976532724563 -0.8340278704771615
17607546359200.000000 0.007540782 -0.006531923 0.000958634 0.09445713522688658 0.5402045120697144 0.09552414697203764 -0.8307418805438401
17607579232500.000000 0.009471776 -0.006740814 -0.000142028 0.09224423139961416 0.5442126890488513 0.09626196861426975 -0.8282856899948339
17607612343300.000000 0.013181639 -0.007308558 -0.000661842 0.08874045481543916 0.5474241591714396 0.09569131918343209 -0.8266166542403595
17607646312700.000000 0.015855026 -0.009589759 -0.008372906 0.08662768525829323 0.5497091196977514 0.09466871044019544 -0.8254413141656431
17607678948900.000000 0.014196498 -0.009675089 -0.008077268 0.08609644746466553 0.5530385202153388 0.0946270223268743 -0.823274877266118
17607711288900.000000 0.016264124 -0.009532216 -0.009253831 0.08530614066960006 0.5551425100365841 0.09434549306121232 -0.8219723741424502
17607744719400.000000 0.018380959 -0.008209998 -0.009491002 0.08419297269659212 0.5566621803714226 0.0935547172223391 -0.8211493622831921
17607781231900.000000 0.018543687 -0.009665375 -0.009572381 0.08508904209626188 0.5580565472873177 0.0924963182581764 -0.8202299531555651
17607811124900.000000 0.021116592 -0.009336841 -0.012564282 0.08421194005190923 0.5586191552087368 0.09190306514611857 -0.8200041556012501
17607843509300.000000 0.021126067 -0.009814649 -0.012063673 0.08457897444989747 0.5599102445269032 0.09165602346055386 -0.8191129888594281
17607876356400.000000 0.021056991 -0.009501728 -0.012511017 0.08359023506125664 0.5612310039104047 0.09188202397186872 -0.8182848688097294
17607912151800.000000 0.020708499 -0.009835327 -0.010385853 0.08314881208006 0.5632150881887519 0.09223333762130449 -0.8169259764002158
17607942546800.000000 0.022099134 -0.010084651 -0.012786233 0.08035617030815333 0.5645086308765649 0.09227002386714561 -0.8163082348321801
17607977430600.000000 0.021059752 -0.010634113 -0.012787432 0.07946772018432718 0.5667428541826692 0.09288481063250335 -0.8147759389153262
17608009442200.000000 0.021035623 -0.010674854 -0.006356718 0.07876425330612782 0.569446141343529 0.09352138445238617 -0.8128843922478785
17608044170800.000000 0.021212893 -0.011527676 -0.005191801 0.07747009664720436 0.5718515650002138 0.09367925548536184 -0.8113004183556097
17608076359400.000000 0.019099981 -0.011625844 -0.002166109 0.07626103772855726 0.575105302301346 0.0936766867659267 -0.809112367811789
17608107937700.000000 0.018709963 -0.011971274 -0.000191372 0.07456847870091975 0.578071978059077 0.09273149681175964 -0.807262782287247
17608145624700.000000 0.017725535 -0.012723299 0.000149864 0.0733404652278214 0.581722925399732 0.09245258046200393 -0.8047807990940522
17608173341500.000000 0.018586580 -0.015239200 -0.002777044 0.07093058908637483 0.5848762451527615 0.0919822140972029 -0.8027626683383098
17608206558000.000000 0.016327037 -0.015173613 -0.000376758 0.06814375231278234 0.5892348959213142 0.09229522056252987 -0.7997751300901063
17608240053700.000000 0.018628784 -0.016729183 -0.002079321 0.06436784101473642 0.5921527324362753 0.09162021301053588 -0.7980085582744453
17608272583200.000000 0.017924841 -0.017520268 0.000154500 0.06062596881150061 0.5959637316181503 0.09022256942930226 -0.795620267757811
17608307000100.000000 0.018879127 -0.017681209 0.000141291 0.056239991961086595 0.5989870998171315 0.08850496272607371 -0.793862953619663
17608341132800.000000 0.014417849 -0.019143293 0.003441100 0.05430867408007173 0.6035193760064885 0.08771013500796976 -0.7906464841642484
17608371363000.000000 0.013003707 -0.021475565 0.002821535 0.05218484601610712 0.6070047037286055 0.08583102406298451 -0.7883242142709574
17608404291800.000000 0.010070793 -0.019970991 0.009014232 0.04969999832083418 0.6112209927763381 0.08504855740862638 -0.7853060238143652
17608437329600.000000 0.009145863 -0.021357143 0.009839864 0.04779616941091435 0.6143288564236802 0.08447408803626133 -0.7830579230205507
17608471020800.000000 0.008721779 -0.021806007 0.010158622 0.044667900686841996 0.617247084120007 0.08332894105658023 -0.7810679249437711
17608503459700.000000 0.007881622 -0.022212300 0.010558419 0.04298462967379739 0.6204203037319673 0.0812143902023063 -0.7788678906932854
17608536535900.000000 0.006609967 -0.022171343 0.013278325 0.04187399231619571 0.6237261533161584 0.07962318417802364 -0.7764485836024712
17608569383500.000000 0.007928598 -0.022775592 0.011702167 0.03977032832110498 0.6265705235022844 0.07846436912576993 -0.7743842991958191
17608602482100.000000 0.007751853 -0.024705742 0.009337246 0.039257258402697184 0.6297520346885623 0.0777731700698229 -0.7718954440114347
17608635292200.000000 0.007257692 -0.025833149 0.010086139 0.03823445674236288 0.6331941733761306 0.07738515098491255 -0.7691650040967657
17608668260300.000000 0.004304003 -0.026163936 0.015358761 0.038212019893065816 0.6369151881423833 0.07720822875077829 -0.7661055893689929
17608701456000.000000 0.004007867 -0.026497509 0.017844751 0.03860546518678371 0.6396053003258205 0.07535730113746347 -0.7640261481245958
17608734334600.000000 0.005844785 -0.028794542 0.013744208 0.038645604045712614 0.6410033000889156 0.0720452488212501 -0.7631715198337433
17608767400300.000000 0.007423711 -0.027605588 0.018159023 0.0388889153334582 0.6433902215953082 0.06983976374776962 -0.7613534543294482
17608800733100.000000 0.006017809 -0.028652981 0.016586740 0.03814062271985112 0.6464464639995376 0.06814033671507609 -0.7589526708520056
17608833390100.000000 0.008364146 -0.029854313 0.017610971 0.03751776546864999 0.6492584594469029 0.0673987105100324 -0.7566460757398129
17608866437800.000000 0.006576611 -0.029488033 0.022405477 0.037211708828582185 0.6528944669655653 0.06662472049564729 -0.7535948847694524
17608899783000.000000 0.009613565 -0.029398808 0.015810424 0.03508600246655169 0.6543122513124453 0.06471260491562879 -0.7526331968352117
17608932263600.000000 0.009106511 -0.028891634 0.021822151 0.03513540411902879 0.6575812862916398 0.06498639131653008 -0.7497527087247368
17608965278100.000000 0.016540874 -0.032404244 0.011238302 0.03169170810989924 0.658031595828372 0.06485890499822249 -0.7495220990545073
17608998284600.000000 0.016887175 -0.032442398 0.011242870 0.029549249070016985 0.6610088470886567 0.06646115582828656 -0.7468447366862079
17609031331500.000000 0.017967852 -0.032893877 0.011403046 0.028474186729703074 0.6641983426670764 0.0672070508679202 -0.7439845392224409
17609064384800.000000 0.018662546 -0.032518294 0.012617929 0.027302384535554163 0.6674120034140032 0.06666462882376287 -0.7411960771357128
17609097554100.000000 0.018574500 -0.033447452 0.014599672 0.02650292362581877 0.6706850409441419 0.06431273341386062 -0.7384734546440219
17609130497200.000000 0.019358784 -0.033647165 0.015436126 0.025773607701495505 0.6738126156454025 0.0631276822310833 -0.7357493974712327
17609163460200.000000 0.026395179 -0.032245390 0.011773945 0.023405990101682234 0.6759437042272443 0.062481926772663746 -0.7339266156569656
17609196261500.000000 0.028627964 -0.031213868 0.013138442 0.023138537680940652 0.6791347932620102 0.062179757606152575 -0.7310090412566691
17609229390600.000000 0.031428941 -0.032195922 0.012564961 0.02317807571657724 0.6817941951638036 0.06122943234558166 -0.7286085429513272
17609262285100.000000 0.028675374 -0.032007560 0.011787149 0.023263215522714202 0.6851391199087926 0.061296602211425896 -0.7254556745463384
17609297192300.000000 0.031074334 -0.032756947 0.009913987 0.022022352340203912 0.6873820052392932 0.062028519451957004 -0.7233073051236318
17609328267000.000000 0.034042191 -0.031979397 0.011144083 0.020984470785866596 0.6896679423905377 0.06258424687563906 -0.7211109437996683
17609361261600.000000 0.031831659 -0.033048049 0.010155028 0.020859118244109656 0.6925417237927987 0.06332848678433113 -0.7182898862950696
17609394294900.000000 0.035754707 -0.033486940 0.004279089 0.019984495489208148 0.6942066143557475 0.06359984972581968 -0.7166818371073914
17609427293900.000000 0.033069655 -0.032843947 0.006854387 0.020144404681749273 0.6971446834964276 0.06464761319356498 -0.7137255630430083
17609460352400.000000 0.036740258 -0.034185324 0.006836835 0.020528283442090334 0.6980279000334676 0.0647226590392403 -0.7128440346672468
17609494000300.000000 0.038691975 -0.034282785 0.005887343 0.02001600674647539 0.6984689359309948 0.06515780674596605 -0.7123868087165878
17609526534100.000000 0.042090975 -0.033919565 0.005880787 0.01992525303662137 0.6992902945469619 0.0679307324804985 -0.7113237545791037
17609559234900.000000 0.041408576 -0.034411069 0.005907555 0.02041448151644854 0.701065161712718 0.07158980677418876 -0.7092008090401261
17609592413700.000000 0.040932428 -0.035487793 0.005368067 0.021796367960662363 0.7028233227118467 0.0741947610163964 -0.7071488052975292
17609625718200.000000 0.040319227 -0.035725482 0.007388338 0.02251364488546528 0.7049558990982675 0.07610115054767269 -0.7047970849867676
17609658470900.000000 0.040405139 -0.036725298 0.007348155 0.02146822065771989 0.7069655476296787 0.07619123892630732 -0.7028041868666793
17609694027300.000000 0.040874302 -0.037324440 0.007927025 0.019179508662716283 0.7095241847658411 0.07383262889250009 -0.7005400206916431
17609724859200.000000 0.040630709 -0.036682747 0.010224937 0.01550687803333365 0.7136244235071844 0.07108737123450808 -0.6967397681765162
17609757388000.000000 0.040039111 -0.037767574 0.011290088 0.011776632570902664 0.7189796222167988 0.06782305126961587 -0.6916137993698206
17609790675200.000000 0.041992523 -0.036320038 0.014359752 0.008650780444639813 0.7248934692963123 0.06531036653711855 -0.6857034185360624
17609823319500.000000 0.042170398 -0.036606129 0.016334992 0.007678951558579276 0.7311109508213528 0.0623827907771905 -0.6793571952271558
17609856279200.000000 0.042814612 -0.036587045 0.020175330 0.006658231056086816 0.7367931982399655 0.060464465784687615 -0.6733761945331146
17609889894000.000000 0.047398843 -0.032654591 0.022351842 0.0040609697211328975 0.7411267236679923 0.05881075403065823 -0.668771996423607
17609922259300.000000 0.045021188 -0.037284758 0.020036213 0.0017629432924766188 0.745891021622399 0.053964116413498436 -0.6638760050143038
17609956438900.000000 0.046072640 -0.036964588 0.019845601 -0.0007928906967486771 0.7509497323870205 0.05206560115039904 -0.6583031550350136
17609988455000.000000 0.052291300 -0.037148327 0.021939581 -0.0028797433876216506 0.7561934142566292 0.05184400078943249 -0.6522847743854434
17610021312200.000000 0.050061490 -0.038806710 0.020245500 -0.00251965315156448 0.7621876846095451 0.051477579674466284 -0.6453012037555761
17610054245600.000000 0.050742939 -0.037146460 0.023030255 -0.0034134490834262015 0.7674451154286748 0.05318767759697836 -0.6388954641581538
17610087775000.000000 0.049705300 -0.038343444 0.021556027 -0.0032170605513674837 0.7711218591773423 0.05283900484392094 -0.6344830717894623
17610120168200.000000 0.048921991 -0.040091701 0.018743293 -0.003973824518242045 0.7732953170581435 0.04993925201741687 -0.6320637882702856
17610153260400.000000 0.050678603 -0.039057881 0.020284917 -0.004969874255352902 0.7757765347344764 0.048111317270008454 -0.6291513090313
17610186212600.000000 0.046059061 -0.038006917 0.021752890 -0.005834601139287251 0.7793511103319088 0.046444781782423485 -0.6248365278207968
17610219277800.000000 0.049632736 -0.037468646 0.018611245 -0.008889980703299336 0.7815566984943207 0.04401863103471367 -0.6222157627411748
17610252313500.000000 0.055280935 -0.034491658 0.012681044 -0.0122764902562863 0.783295836137725 0.04231315133405559 -0.6200858957438646
17610285482300.000000 0.055525143 -0.033945210 0.011364189 -0.014245669437294918 0.7865887943484858 0.041175551523863464 -0.6159380678805172
17610318451500.000000 0.055056348 -0.034372475 0.010221094 -0.015216062449748022 0.7902628375751404 0.03942196939559718 -0.6113092730526711
17610351280000.000000 0.055891115 -0.033494450 0.008038745 -0.015960620843979652 0.7937211920047089 0.03784395731910341 -0.606893535011973
17610384586700.000000 0.056792684 -0.034363065 0.004123007 -0.017241216919630525 0.7967585562989162 0.0366646535210935 -0.6029380122249508
17610417311500.000000 0.060712866 -0.030654028 0.003302813 -0.019538184891120476 0.7993175077034007 0.03605009609809571 -0.5995082749898474
17610450345100.000000 0.062488049 -0.030103205 -0.000006318 -0.021996906185020905 0.8019310668078674 0.03433442688286308 -0.5960233614023099
17610483254700.000000 0.062937699 -0.028275140 -0.001823619 -0.023941788601538536 0.8049624094607916 0.03256623444183017 -0.5919474220637471
17610516546900.000000 0.062721789 -0.028663829 -0.003642616 -0.024596655518832222 0.8079888546877604 0.029265472869028128 -0.587956246106291
17610549256300.000000 0.069000967 -0.025858227 -0.006029906 -0.02579541993990525 0.8101544511912875 0.026993055378213518 -0.5850262699113746
17610582257100.000000 0.068312690 -0.026026495 -0.008849892 -0.025806850118768907 0.8128334819222749 0.023944383364557068 -0.5814313404507444
17610615270300.000000 0.067319721 -0.025766943 -0.010047222 -0.025974347762717818 0.8157398042786052 0.02056504074506119 -0.5774694659226222
17610648285500.000000 0.068639144 -0.023657151 -0.010620787 -0.02639114906307334 0.8185260918145782 0.01893910042588945 -0.5735502198979104
17610681288200.000000 0.070179082 -0.025393998 -0.012703236 -0.027564248395306933 0.8210398316833118 0.01709817096698457 -0.56994864641424
17610714346500.000000 0.073254108 -0.023491737 -0.014774509 -0.028491143541638318 0.823212956218179 0.016370051391249755 -0.5667810025677149
17610747259800.000000 0.074187756 -0.023279402 -0.016082199 -0.02883635718085771 0.8255755328116692 0.015054025409383803 -0.5633532465924379
17610780299400.000000 0.077535197 -0.018796990 -0.015614428 -0.029480788097888032 0.8278084179145787 0.014565965249538872 -0.5600463722043368
17610813379600.000000 0.078426704 -0.019634169 -0.019091239 -0.03022326291192301 0.8299357435479422 0.012700666678644099 -0.5568948814869814
17610846481900.000000 0.076066703 -0.021336202 -0.020106975 -0.030852418876109577 0.8331213256677265 0.010832379536935057 -0.5521228527426764
17610879860000.000000 0.078547999 -0.018542618 -0.019658925 -0.03205811321188634 0.8357323097237106 0.009586756815277294 -0.5481166645477317
17610912323500.000000 0.078759529 -0.018343225 -0.018117994 -0.03358424948199622 0.8389744174626406 0.007242350967784084 -0.5430852358354197
17610945234600.000000 0.083773836 -0.018839676 -0.018773908 -0.03680366204432356 0.8418654696287814 0.0055428553534752345 -0.53840254295589
17610979422900.000000 0.084317923 -0.018287776 -0.017199565 -0.038927809588414186 0.8457586428238045 0.004565040634239821 -0.5321241435355966
17611012091500.000000 0.085811801 -0.017324887 -0.016722169 -0.042178313951586215 0.8496123571906945 0.0037699666067129993 -0.525704878893907
17611047211900.000000 0.086106539 -0.017228164 -0.016181704 -0.04537173983059588 0.8536784700550969 0.0025834091845414464 -0.5188138403956846
17611077576600.000000 0.086412974 -0.017235525 -0.015871080 -0.04903206058008048 0.8576064766339456 0.00026689430911161494 -0.5119637848893306
17611110902800.000000 0.087664880 -0.018850705 -0.014440536 -0.05341729543952311 0.8616906499127094 -0.0027376198814015873 -0.5046070965001623
17611143378200.000000 0.089747779 -0.018058099 -0.011949809 -0.05829594023042745 0.8660473054459542 -0.003700010048425295 -0.49653797237280267
17611177454500.000000 0.091473527 -0.018297242 -0.010891015 -0.06197449449657379 0.8701243451760543 -0.0051414494525828525 -0.4888929856945827
17611209285400.000000 0.092286840 -0.017835353 -0.008883771 -0.06454968304366794 0.8739951736057416 -0.007224258018741992 -0.4815740701376169
17611242562100.000000 0.092784107 -0.018585291 -0.007524624 -0.06816169803607136 0.8770809920255679 -0.00912558726303875 -0.47539419433286084
17611279140900.000000 0.093386270 -0.020317681 -0.006341461 -0.07169552221404976 0.8799429326739882 -0.010898309026335458 -0.4695118892977285
17611309678000.000000 0.096061982 -0.019698186 -0.004955057 -0.07584058400133914 0.8823543811825125 -0.012349909339734483 -0.46426978317101564
17611341942500.000000 0.096190862 -0.019334182 -0.004342031 -0.08073447669626338 0.8851288145149626 -0.014113281397512362 -0.45807176432968677
17611376060200.000000 0.096863404 -0.019922365 -0.002493601 -0.08503954851115317 0.8883911638150418 -0.016494715048747027 -0.45084070315338165
17611407851100.000000 0.097874336 -0.021369880 -0.004457586 -0.08934624870145315 0.8912084197571515 -0.02035435031850283 -0.44424148930514235
17611441129700.000000 0.099174559 -0.021230523 -0.003269721 -0.09294937046665024 0.8944582495585524 -0.02373517340601139 -0.436739620219978
17611474228400.000000 0.100546934 -0.020795919 -0.003293172 -0.09584159200012296 0.897386911306259 -0.027166138376309157 -0.4298524416410982
17611506483700.000000 0.101795629 -0.021147782 -0.003464956 -0.09883850733023815 0.9001783294196644 -0.03128055405723804 -0.42300289792130846
17611539806000.000000 0.102736652 -0.021946369 -0.003719263 -0.10081979493201484 0.9029788056468011 -0.035005669592262124 -0.41622019244498537
17611572230900.000000 0.101574212 -0.022093972 -0.004817624 -0.10337357215786683 0.905922982403798 -0.03727093560592561 -0.4089356084898808
17611605483000.000000 0.103242524 -0.020343576 -0.003965594 -0.10616104456197162 0.9088489301106331 -0.0390547219481297 -0.4014949358931231
17611638400300.000000 0.101402864 -0.022203058 -0.005729765 -0.10798115221750322 0.9116206979743171 -0.04236094402544446 -0.39432641835397275
17611671271000.000000 0.101951346 -0.021675233 -0.008227594 -0.11036767371825741 0.9140155047920295 -0.04509547881150494 -0.387764144021276
17611705313800.000000 0.104681939 -0.018230446 -0.009318590 -0.11152199921142923 0.9165898935956255 -0.046402541430892064 -0.3811464479684948
17611737552200.000000 0.103487946 -0.020836268 -0.013232931 -0.11261671807529226 0.9188097035519315 -0.04919955225144405 -0.37508080133088567
17611770306500.000000 0.106538326 -0.018725250 -0.014590807 -0.11368454423216313 0.9207929118452116 -0.05050862915721699 -0.3696824533014793
17611803200600.000000 0.106656872 -0.017779473 -0.014883883 -0.11400312485523853 0.9230463420806572 -0.05113392452842008 -0.3638324609721913
17611836333100.000000 0.107118130 -0.017000794 -0.016810097 -0.11399431254371348 0.924713316410581 -0.05227573068129898 -0.3594131705187879
17611869196800.000000 0.107269257 -0.016583636 -0.020582434 -0.11457416046988218 0.9258620249199325 -0.05400508085639175 -0.35599961208613523
17611902223000.000000 0.106868118 -0.016843986 -0.023698729 -0.11413100077152094 0.9270672815157923 -0.055663358013832785 -0.35273497243742913
17611935509400.000000 0.108158663 -0.014064878 -0.024758235 -0.11400258145366317 0.9282594097445589 -0.05716050483667479 -0.34938597042440134
17611968309200.000000 0.107576832 -0.012798224 -0.027063128 -0.11448028029137744 0.9293466852005756 -0.05923833845218937 -0.3459766226040914
17612001353900.000000 0.106904104 -0.012273662 -0.028376888 -0.11424293648653894 0.9307304406743776 -0.060941457528101636 -0.34201686657146296
17612034166000.000000 0.108368561 -0.011913050 -0.033240922 -0.11502087139879906 0.9316029963515033 -0.06210835074825228 -0.3391586783481944
17612067405900.000000 0.106738210 -0.010220584 -0.032352585 -0.11510994054367844 0.9334518538539711 -0.06256513569456451 -0.3339205622900992
17612099968600.000000 0.106854498 -0.011657115 -0.037467364 -0.11755051382529821 0.9339953632010104 -0.06581685505105431 -0.3309118913088642
17612132952400.000000 0.107505217 -0.009843890 -0.038279820 -0.11868431972021848 0.9350667858026844 -0.06918110078016793 -0.3267692054585774
17612165985500.000000 0.107928231 -0.008794457 -0.039829087 -0.11978032439630518 0.9359529596119389 -0.07333323493195888 -0.3229039608545896
17612198799300.000000 0.106132284 -0.010155920 -0.040319894 -0.12066965906957228 0.9370313077815708 -0.07681217246079092 -0.3186079907645857
17612232002900.000000 0.106665179 -0.007452041 -0.041983098 -0.1213428402108708 0.9378971841230129 -0.0777845450787504 -0.31555403925567843
17612265105000.000000 0.107565373 -0.007435497 -0.040592350 -0.12196840619972925 0.9391220361834974 -0.07888196760612179 -0.311369786957962
17612298159900.000000 0.109584287 -0.005519621 -0.040185064 -0.12302227547693215 0.9401505779571673 -0.07846016256536278 -0.30793897673646176
17612331086500.000000 0.109897010 -0.005689166 -0.039852843 -0.12443467716792653 0.9414596490787116 -0.07840671348514913 -0.30335149176353315
17612364073600.000000 0.110254273 -0.005020361 -0.039665617 -0.12652843799689067 0.9429090826713592 -0.07831791353623307 -0.29795858875564263
17612397057800.000000 0.110465005 -0.005119819 -0.039652299 -0.1299162725689329 0.9444989180750263 -0.07842494127544705 -0.29136417841396073
17612430045300.000000 0.111311972 -0.004709996 -0.039423496 -0.13310188564498612 0.946277366543191 -0.07814295129548247 -0.28414206441261813
17612463040400.000000 0.112430058 -0.005718991 -0.037598409 -0.13584301647044397 0.9483456501516633 -0.07902770650341562 -0.27557544215593677
17612496480800.000000 0.113745637 -0.005694274 -0.035717681 -0.13843551376311408 0.9503375028605626 -0.08059522153165294 -0.26683075057451033
17612528996000.000000 0.115844429 -0.004421517 -0.033373237 -0.14073977880869099 0.9521011533618333 -0.08333441673639126 -0.25836231036115365
17612562197100.000000 0.117858671 -0.004225407 -0.031201355 -0.1425917442424824 0.9538785301684498 -0.08652055052070057 -0.24959474853281505
17612595030700.000000 0.120074913 -0.003644481 -0.028640151 -0.14245747811806933 0.9560109306248445 -0.08798706551235441 -0.24084693013734504
17612628074200.000000 0.122204170 -0.004266519 -0.025975093 -0.14295391047747133 0.9580624570293272 -0.0886759081011378 -0.23198510993718183
17612661034000.000000 0.122343585 -0.006981406 -0.026315615 -0.14624538100903592 0.9588931921842335 -0.09072989353548046 -0.22561963774302282
17612694736100.000000 0.121246122 -0.007015266 -0.024459288 -0.15114131500973627 0.959588976141168 -0.09283818619545936 -0.21846366047791582
17612726991900.000000 0.123545639 -0.008951563 -0.024297774 -0.15558169404677138 0.96003509513315 -0.09716122207899552 -0.21139216994566412
17612769665800.000000 0.123337843 -0.007642895 -0.023707435 -0.15929441071742406 0.9613501673354192 -0.09805848526098834 -0.20202890869049095
17612798072900.000000 0.124677382 -0.009923343 -0.020384729 -0.16055797116446519 0.9630619544177137 -0.10088289383469992 -0.19119480008677264
17612828454600.000000 0.124445468 -0.011266135 -0.019899562 -0.1625687336938944 0.9641818753433389 -0.10289088969139093 -0.18258746644575533
17612859280800.000000 0.124328911 -0.014033537 -0.016669035 -0.16383107336425373 0.9653665750572253 -0.10498725772266392 -0.17379421992251076
17612892692100.000000 0.125000328 -0.014278214 -0.016349748 -0.16587912308665154 0.9660320847254724 -0.10606993065761391 -0.16737770943363459
17612925084400.000000 0.126203045 -0.014318679 -0.023360476 -0.17097137789516711 0.9657431460233757 -0.10709920914839396 -0.1632137348671657
17612958204100.000000 0.126365870 -0.014597293 -0.023826584 -0.17264084701785784 0.966343683290562 -0.10832320315131633 -0.15697486220546664
17612991351600.000000 0.126789257 -0.013983198 -0.023321047 -0.17298839039347355 0.966970740409476 -0.11091112660825206 -0.15080227443746783
17613025199800.000000 0.127651960 -0.013618067 -0.024058059 -0.17495490339161696 0.9670306506756994 -0.11433427392730912 -0.1454997465237609
17613057059900.000000 0.127641290 -0.012494665 -0.023246035 -0.17565273986542254 0.967381313379536 -0.11644225165252123 -0.14057279798006772
17613090749400.000000 0.128592223 -0.011591457 -0.023674592 -0.17678787136304988 0.9676876286127913 -0.11768006656459162 -0.13593418959933326
17613123015300.000000 0.128691137 -0.010124840 -0.025373191 -0.17790973421734116 0.9680308688680631 -0.11809802358521822 -0.13159490953119343
17613156445600.000000 0.126895383 -0.010249056 -0.027565911 -0.17885936976577332 0.9683272427678985 -0.11913510241076569 -0.12711610493594566
17613189020200.000000 0.128812715 -0.007457934 -0.028283045 -0.1789490818108119 0.9687860003179484 -0.1203449281708895 -0.12226205450000838
17613222271700.000000 0.129126355 -0.006882392 -0.029942095 -0.17876420731334702 0.9691720178918917 -0.12176724091361875 -0.1179902409493016
17613255311600.000000 0.127596453 -0.005474597 -0.030886799 -0.17868299068953306 0.9696259855279443 -0.12194079936168195 -0.1141414844753702
17613288564200.000000 0.126515090 -0.003992692 -0.035560280 -0.18010608184645785 0.9696677875596885 -0.12176044649149745 -0.1117164926105676
17613321306000.000000 0.125889033 -0.003198490 -0.037643403 -0.1800494353174642 0.970055488442413 -0.12208060957876343 -0.108031823781196
17613353997700.000000 0.124134891 -0.002230741 -0.041806147 -0.18121111284025196 0.9700432086788909 -0.12292539859877966 -0.10520481100448914
17613387068600.000000 0.122994304 -0.001462318 -0.044289015 -0.18195970996674254 0.9700365183098879 -0.12437540065593243 -0.10222806271139848
17613420015600.000000 0.120749168 -0.002323061 -0.048078515 -0.18361092621160657 0.9696865212818608 -0.1262783290827688 -0.10024401141246975
17613452997500.000000 0.118063763 -0.001342677 -0.050169200 -0.18438079226270368 0.9695765532138876 -0.12744664057978455 -0.09839910928144886
17613486378700.000000 0.116600476 0.000038818 -0.052422114 -0.1845598775581756 0.9695805376271668 -0.12845168062005394 -0.0967026286933767
17613519055300.000000 0.114636809 -0.000757314 -0.053220153 -0.18444611539921374 0.9696672583941474 -0.12988882610072658 -0.09409533126937343
17613552167500.000000 0.112569459 0.000368014 -0.058464222 -0.18524448530863424 0.969524527582227 -0.13034715977770792 -0.09336106799455285
17613585007800.000000 0.110468313 -0.001788072 -0.059509665 -0.18512054101774633 0.9696797524208888 -0.13183463619670593 -0.08983981153777504
17613617943700.000000 0.111547716 0.001197495 -0.061481632 -0.1859339977736492 0.9698145444375491 -0.13248756552769272 -0.08564661610269893
17613651090200.000000 0.109628700 0.001813255 -0.068178952 -0.18818312751742503 0.9694755732682263 -0.13348431130415692 -0.0829829017910292
17613683960200.000000 0.110376194 0.001504093 -0.071500301 -0.18996760451308362 0.9692128494005955 -0.13549489014315902 -0.07861231797519092
17613716974400.000000 0.109476693 0.002441972 -0.067004494 -0.18923115108492086 0.9698045456468498 -0.13606591521384784 -0.07181073331195838
17613749902800.000000 0.111488745 0.009805530 -0.071325235 -0.19267498104333297 0.9696170384705671 -0.13444107726540183 -0.06815238169892864
17613782852600.000000 0.111679941 0.010148533 -0.071923941 -0.19405855980036874 0.9696068578802444 -0.13536205462296075 -0.06229711620979778
17613815904700.000000 0.111835778 0.010677181 -0.071800590 -0.1957402327479534 0.9695328246443626 -0.1363172402001805 -0.055762650987079276
17613849064300.000000 0.112909921 0.010686077 -0.072098441 -0.19727846285987252 0.9693240352127757 -0.13798447502578962 -0.049521788157585796
17613881778600.000000 0.114014253 0.011798464 -0.072237261 -0.19904655681463526 0.9690503182406369 -0.13934956053687358 -0.043630825297475195
17613914904900.000000 0.112859040 0.011366323 -0.072522685 -0.2020623958327525 0.968513638563404 -0.14044145387640541 -0.03779309646067237
17613947819100.000000 0.113874316 0.011734225 -0.072002739 -0.2035658959211608 0.9683093523247503 -0.1410859349480041 -0.03213538825166651
17613980959300.000000 0.114269875 0.011255130 -0.071595438 -0.20545435722359878 0.968131044989203 -0.14080722619794736 -0.0261555324241719
17614013775500.000000 0.114043705 0.010800213 -0.071788661 -0.20745962463153625 0.9678787534451488 -0.1405753531046788 -0.02024334153992297
17614046743100.000000 0.117700130 0.009668276 -0.069162071 -0.20800422518184314 0.9676333322376667 -0.14227236403973803 -0.013362300687932482
17614079887400.000000 0.119694278 0.010712303 -0.067283154 -0.20961503053825387 0.9673336919300507 -0.1424344758862127 -0.00628390869162554
17614113164900.000000 0.120249003 0.010729969 -0.066985771 -0.21202067879056863 0.9667150125248429 -0.14321060233960503 -0.0001992531229810801
17614145760800.000000 0.118914194 0.007967018 -0.067811728 -0.21572753895938765 0.9656252699326159 -0.1448888436161688 0.006057226895044177
17614178806400.000000 0.119444340 0.007067308 -0.066926405 -0.21929361341576906 0.964486650150362 -0.1465642281552077 0.01395492106952767
17614211889900.000000 0.120094612 0.007830396 -0.068083346 -0.22268314354182928 0.963329864257013 -0.14824284729038745 0.02078096340723773
17614245819400.000000 0.120479360 0.007983401 -0.067145646 -0.22601610670666808 0.9620730756363766 -0.14996625289083118 0.02902136520920962
17614277661500.000000 0.122501984 0.006538756 -0.065802559 -0.22789872543275852 0.960826302656079 -0.15317927874335388 0.03756455289283766
17614311090700.000000 0.121399857 0.006226651 -0.066815108 -0.23045907236998148 0.9596470794783457 -0.15494726330791586 0.04424301531809194
17614343811900.000000 0.119579107 0.005188338 -0.069233537 -0.23302635170611458 0.9584129356646971 -0.15693501981310587 0.05014741984764043
17614376853900.000000 0.120088570 0.006080531 -0.069458544 -0.23427577379018397 0.957435972756252 -0.15873477595692081 0.056872583809830346
17614409780500.000000 0.118751414 0.006307214 -0.071216822 -0.23658002139307457 0.9562444844753469 -0.16021965570432814 0.06289706920133177
17614442727400.000000 0.118596911 0.007023066 -0.071374074 -0.2385561406613356 0.9550484905918875 -0.16160861933997406 0.06968502368482038
17614483991900.000000 0.117714614 0.008032933 -0.072963178 -0.24040449391543825 0.9539613314428353 -0.1627206673440012 0.07540186891714186
17614514431200.000000 0.118270293 0.009332627 -0.074034691 -0.2413351406687877 0.9528952023323572 -0.16497964961681852 0.08080716838662416
17614545829000.000000 0.115214288 0.007643566 -0.074839115 -0.24180736890383672 0.9520712194905178 -0.1671403952337532 0.08457941618826127
17614576309400.000000 0.114439927 0.010439076 -0.076018825 -0.2420291728000996 0.9515251012648454 -0.16815754274842898 0.08800512481347655
17614607851500.000000 0.113423854 0.010497876 -0.075997919 -0.24134075458570609 0.9510869543421512 -0.1695454970188729 0.09188345823267857
17614640677300.000000 0.113560274 0.010714307 -0.076480433 -0.239791176874077 0.9509836761243179 -0.17068533462119084 0.09485122974255872
17614673728200.000000 0.112494111 0.010301985 -0.076994807 -0.23998052175729648 0.9503705752871299 -0.17102140095116108 0.09978376231736232
17614706675400.000000 0.114564061 0.011746109 -0.077287316 -0.23912627325062014 0.9496848188552137 -0.17254073020229432 0.10557966991077823
17614739678200.000000 0.114967532 0.012046352 -0.077690110 -0.23888627419606825 0.9487282125230934 -0.17447353039226174 0.11138722528152734
17614773417200.000000 0.115370959 0.012431003 -0.077806860 -0.23802268364158738 0.947908691604091 -0.17693749843911016 0.11622149585849967
17614806628300.000000 0.117753580 0.014417104 -0.078649104 -0.23675044060782977 0.9472743580997732 -0.1799851503191522 0.11927223072976095
17614839975500.000000 0.116669342 0.014060833 -0.078441143 -0.2358027825367521 0.9466788230804384 -0.18214712033536634 0.12255072514063314
17614871566900.000000 0.117574230 0.013743222 -0.079030067 -0.23328944788151054 0.9462237598141084 -0.18567138254702456 0.12554986090581338
17614906710900.000000 0.097727939 0.017778687 -0.092167422 -0.23845501573659478 0.9458906809278324 -0.18145499766499099 0.12451549713324962
17614937585300.000000 0.097131401 0.018959232 -0.093375236 -0.23747159124335648 0.9451376390308786 -0.18389827071238238 0.12846599810253445
17614970501100.000000 0.094423041 0.019794017 -0.094922379 -0.23821118084043688 0.9441714358258567 -0.18509954048819297 0.13241560785724915
17615003504500.000000 0.094692349 0.021607623 -0.096115097 -0.23860981208610682 0.943162142979377 -0.18656863790291292 0.13675771633744824
17615037224700.000000 0.094430700 0.021286793 -0.097667158 -0.23920458446011045 0.9420297212132587 -0.1881634535811807 0.14126459521245563
17615069266200.000000 0.092183277 0.021164961 -0.098904401 -0.24128547468073328 0.940611254230411 -0.1887689468676632 0.1462808012750118
17615102550600.000000 0.092289597 0.023257039 -0.100548521 -0.2431061014363946 0.9389067004381491 -0.19014189502511042 0.15231444801135968
17615135418600.000000 0.091312245 0.022164471 -0.101820156 -0.24525989566206943 0.9369646253260745 -0.1916754471704327 0.15876207802688394
17615168445400.000000 0.092189312 0.020706482 -0.103031039 -0.2463349714245598 0.9349959775489844 -0.19379905138553563 0.1659624400355297
17615201323200.000000 0.091878116 0.020999469 -0.104063123 -0.24763168994028223 0.9330258694836359 -0.19525456321384632 0.17325394239611214
17615234692300.000000 0.094277017 0.022176966 -0.105230466 -0.2490796244290832 0.9306836682016115 -0.19763694041054536 0.18090574955544733
17615269919200.000000 0.092772216 0.022348635 -0.105536416 -0.25155900258293623 0.9284693191031209 -0.19819567718844563 0.1880990835902154
17615300916700.000000 0.094515935 0.023209937 -0.106417224 -0.2541389618766097 0.925880254760049 -0.19989201995244574 0.19545414362728886
17615333600200.000000 0.094658270 0.022752948 -0.106217518 -0.2566579533328262 0.9232823454210035 -0.20118549605838248 0.20297980638634583
17615366466200.000000 0.094570577 0.021182485 -0.107615635 -0.25925548177758095 0.9205008132575643 -0.20305626035871208 0.21031643561446217
17615399425200.000000 0.094299406 0.021878682 -0.106333032 -0.2618149173165247 0.9175569511466181 -0.20324519595145812 0.2196214488516947
17615432296900.000000 0.096921414 0.021584705 -0.106817290 -0.2629744536723423 0.9145242640675677 -0.20603283147917656 0.22812338656981265
17615465438700.000000 0.102681190 0.023913309 -0.106211558 -0.26341282688854334 0.91158059462779 -0.20900794668930275 0.23653790467777652
17615498607200.000000 0.101867415 0.021692500 -0.107845455 -0.26632846233749535 0.9084784225598901 -0.21114371421996264 0.24321685352260816
17615531244800.000000 0.104810402 0.022420377 -0.109155625 -0.2684819974750118 0.9055859857860461 -0.2123154348252353 0.2505066775850776
17615564601700.000000 0.104221582 0.022323608 -0.109552592 -0.2717435519851686 0.9025851215814948 -0.21249237472013668 0.25757043879296276
17615597556800.000000 0.110546961 0.020892255 -0.110299557 -0.27342030017348623 0.8989805473978425 -0.21624196340780258 0.26516924428533356
17615630694300.000000 0.102490053 0.025960572 -0.115341097 -0.2787956902279306 0.8960511994922807 -0.2131785255945709 0.2718825614564158
17615663109500.000000 0.101431437 0.025499806 -0.116218671 -0.2809901088815226 0.892598023827117 -0.21479047395438694 0.2796039679066188
17615697311800.000000 0.104151778 0.026884086 -0.116093770 -0.28241582399924336 0.889187583471114 -0.21629410539279845 0.28775615324082626
17615729543700.000000 0.104675949 0.026308462 -0.116887555 -0.28357429571747006 0.8864158152126561 -0.21699552162287583 0.29455995135937807
17615762374000.000000 0.105800651 0.026286058 -0.117295176 -0.2840436291358492 0.8840324134275537 -0.21710267977086747 0.3011184736828665
17615795384400.000000 0.105881885 0.028509557 -0.118206576 -0.2847203905833785 0.8817582546801426 -0.21697677143317362 0.30717708271925787
17615828289500.000000 0.106025778 0.027183972 -0.119181827 -0.28625322419171423 0.8789459786839384 -0.2172376038369041 0.31356160746236494
17615861316600.000000 0.107662298 0.031393841 -0.120268688 -0.287179221300289 0.8760373413936057 -0.21776959607363217 0.3204107900232294
17615894869400.000000 0.106339186 0.034741551 -0.121802539 -0.2884922889547159 0.8732369087009644 -0.218806604831375 0.32611833769081267
17615927251600.000000 0.105643466 0.038792960 -0.123592138 -0.2904083602957793 0.8702078494928375 -0.219121901328319 0.3322452035916103
17615967692900.000000 0.104154229 0.039038241 -0.123045549 -0.2917257432649863 0.8676709572765745 -0.22046036836383337 0.33680918425145
17615997785400.000000 0.102982514 0.044157796 -0.124109164 -0.29228868107937456 0.8655788491392078 -0.22148775475854365 0.3410040429785892
17616030911900.000000 0.100337274 0.037181579 -0.124735445 -0.29388132713958454 0.8632147284886216 -0.22392783174549066 0.3440209648389979
17616059368500.000000 0.102452725 0.042784043 -0.124627441 -0.29249240029591506 0.8617298876443764 -0.22543799131050737 0.34791882470402274
17616094555600.000000 0.096736252 0.043187141 -0.125535205 -0.2925538989654365 0.8611228966335505 -0.22455609274777058 0.34993447144203943
17616126674500.000000 0.095775679 0.043165468 -0.126551494 -0.2921596067725711 0.8600520013229827 -0.2246134139740122 0.35284859848633116
17616158456100.000000 0.094507121 0.041950695 -0.126640409 -0.291950834042159 0.8586192657681398 -0.22537638981862662 0.35601004180527096
17616191297400.000000 0.092431307 0.041985929 -0.126888126 -0.29200138878777054 0.8570872969258679 -0.226516057339816 0.35892482522325997
17616224291000.000000 0.088205501 0.041025855 -0.127886787 -0.29311650136608053 0.8552580757957569 -0.2273294976323368 0.36185306399045103
17616257344500.000000 0.086249836 0.039277397 -0.127563000 -0.29295507009996197 0.8533715319566565 -0.2292294116272959 0.3652235372941883
17616291077400.000000 0.081972517 0.040850654 -0.128179550 -0.29300581937807757 0.8519345388487677 -0.22898580782672603 0.3686741530688863
17616324306200.000000 0.078455299 0.044171639 -0.129392430 -0.2921741873841373 0.8508607411213385 -0.22903649607169663 0.37176945397929817
17616356462700.000000 0.075424209 0.041864373 -0.129935786 -0.29264957469399006 0.8491744922345437 -0.22939844909115836 0.3750136793827696
17616389886700.000000 0.075308159 0.041726954 -0.129671201 -0.2930517937984757 0.8469015137428029 -0.23107952412751712 0.37878849731828607
17616422362500.000000 0.071958974 0.040662691 -0.129536137 -0.2950820799073401 0.8444757876790826 -0.23228368866771945 0.38187890504748934
17616455347800.000000 0.070417091 0.039426029 -0.129020408 -0.29664690561231 0.8416752905128255 -0.23356501465221524 0.38604494901669495
17616489633400.000000 0.069315448 0.038603730 -0.130231321 -0.2981589778339078 0.8386615850901764 -0.2343847738368135 0.39091143168822473
17616521384100.000000 0.067270681 0.036423363 -0.131056651 -0.29945710442836987 0.8358611484594823 -0.23420494476934617 0.39599195313662505
17616555594200.000000 0.066670224 0.037097916 -0.131432265 -0.29946737364765713 0.8332760749542806 -0.23429163514210816 0.40134487007036734
17616587116100.000000 0.065085217 0.035073712 -0.132944390 -0.29973649032982347 0.8306932534341991 -0.23479495667434291 0.40617494184643954
17616620353000.000000 0.062253755 0.037017144 -0.133734301 -0.2999777998345346 0.8285375276550608 -0.2337013648846854 0.4110018940646215
17616653637600.000000 0.067804046 0.041204337 -0.133928999 -0.29946600623272895 0.8254579685973154 -0.23265700311700738 0.41810282478216476
17616686618200.000000 0.068392389 0.042698037 -0.134455413 -0.29997270990909086 0.8221967752456374 -0.2321683431122226 0.4243897931642521
17616719242700.000000 0.069307953 0.042422295 -0.135711074 0.30100101409289043 -0.8181802350253087 0.23194611206570093 -0.43148637710429233
17616752245400.000000 0.068167925 0.044003163 -0.136146143 0.3025570562669385 -0.8137576094446501 0.2312923588441919 -0.43904626807923397
17616785183400.000000 0.067904830 0.043427881 -0.136510789 0.3048196213848161 -0.8087787253583668 0.23163106306088735 -0.4464403907038388
17616818220100.000000 0.069702096 0.045791656 -0.137765810 0.3063468352972708 -0.803637168917845 0.2324517319212395 -0.45418620582738345
17616851207300.000000 0.071218513 0.045969095 -0.138586149 0.3071160643367933 -0.7991717544576277 0.23368313352979997 -0.4608648641490145
17616884233800.000000 0.074235976 0.050124153 -0.139910936 0.30672612110840164 -0.7952305744092724 0.23415610359887085 -0.4676519424763335
17616917703200.000000 0.075402983 0.049891513 -0.140741616 0.30658995745168294 -0.7918352262316227 0.2347960250903764 -0.4731494468878194
17616950422000.000000 0.076958328 0.049399186 -0.140316486 0.3070196057040494 -0.7884248659373166 0.2350618782445419 -0.47840475110642716
17616983234400.000000 0.078277826 0.046293996 -0.139964640 0.3085481559958578 -0.784818045472537 0.23595133271019642 -0.4828929897239189
17617016486400.000000 0.077931263 0.047631752 -0.141059965 0.3093413713859344 -0.7816654470826122 0.2358939929433973 -0.48750494241538717
17617049198300.000000 0.077684730 0.049845755 -0.141665459 0.3102800093512612 -0.7780485825260867 0.23476660895582116 -0.4932051888874581
17617082325800.000000 0.078622542 0.050744537 -0.142144382 0.31156766323702184 -0.7740760881504462 0.23484152430097469 -0.49857924088625993
17617115297800.000000 0.078427494 0.046028730 -0.141116515 0.3136418569125914 -0.7696255604610471 0.23497060768130193 -0.504077470041382
17617148213200.000000 0.078000918 0.043314684 -0.141202077 0.3152633035704239 -0.7650304136912487 0.2342194345801168 -0.5103712100170132
17617181259800.000000 0.078006417 0.044178057 -0.141942501 0.3149674172551002 -0.760842528187575 0.23363122602912492 -0.5170402533584003
17617214790800.000000 0.077601507 0.045392793 -0.142578065 0.31491623135525515 -0.7566531861763386 0.23308974740372143 -0.5234241996062736
17617247242100.000000 0.078523368 0.043418381 -0.142616093 0.3149207415857597 -0.7521238820467472 0.23367216388902784 -0.5296526337114026
17617280286300.000000 0.077484161 0.041467302 -0.142124489 0.31486030946816124 -0.7479902356252818 0.2340463980517696 -0.5353465013333346
17617313948600.000000 0.075354412 0.040024351 -0.143224329 0.3154426133711224 -0.7439966147432152 0.23463402767142544 -0.5402886894789832
17617346399900.000000 0.072155967 0.040577825 -0.143012345 0.315798123948477 -0.7406974170885291 0.23502050317785173 -0.544430201508911
17617379475500.000000 0.069411144 0.036269538 -0.143316105 0.31738322653334494 -0.7375627984019902 0.23641697084715385 -0.5471526494719408
17617412453900.000000 0.069189459 0.037808221 -0.142769948 0.31786535567172663 -0.734919785020728 0.23835132753977373 -0.5495845430038959
17617446007800.000000 0.067963228 0.037611440 -0.142312184 0.3180032094200116 -0.7327689009862005 0.2400419116117969 -0.551637178964401
17617478486600.000000 0.066335127 0.038671385 -0.141866803 0.3171638805030425 -0.7308679184688814 0.24112224658972087 -0.5541653371122577
17617511358200.000000 0.063048050 0.038509276 -0.141030550 0.31648386011107144 -0.7288387757958443 0.24168700831865952 -0.5569734241376216
17617544373500.000000 0.060099542 0.036086205 -0.140583783 0.31592349121899344 -0.7261504325340046 0.24283693014553764 -0.5602928898211826
17617577458000.000000 0.058981732 0.037392553 -0.140417248 0.3148119976914966 -0.7229250904028417 0.24462743789625802 -0.5642961424676274
17617611099500.000000 0.056845412 0.038223222 -0.140069976 0.31404622201076693 -0.7196163785031926 0.24663271822642802 -0.5680664930542528
17617643809300.000000 0.055194184 0.038175035 -0.139715657 0.313690665958299 -0.7161452104939142 0.24832245000786196 -0.5719004846993567
17617676852900.000000 0.051738381 0.038166221 -0.137810782 0.31344691823035664 -0.7132048031419878 0.24883328241883562 -0.5754753998111117
17617716911100.000000 0.050451204 0.035159621 -0.137745962 0.3127521306004829 -0.7100879798148501 0.25055937919500687 -0.5789483251765537
17617745802800.000000 0.048216879 0.037039351 -0.137293518 0.31164215166843173 -0.7073314446278054 0.2521651505572937 -0.5822148517417169
17617775802300.000000 0.045874864 0.035256531 -0.137236044 0.3121587604682652 -0.7039748794550158 0.25356094758277914 -0.5853914273544971
17617808846100.000000 0.043161482 0.039528165 -0.137441382 0.31201148703892734 -0.7011079919235579 0.2544688318252037 -0.5885083085617313
17617841162600.000000 0.041786581 0.040444508 -0.136515737 0.31180386575044244 -0.6979073073247901 0.2543945126364071 -0.5924417031457409
17617874270500.000000 0.037619859 0.039497662 -0.137648478 0.311832254682312 -0.6949788826848757 0.254435056416319 -0.5958420928637486
17617907187400.000000 0.034544840 0.038083620 -0.138438940 0.3122991909338733 -0.6911069890753345 0.2536908087904402 -0.6004009647964651
17617940134800.000000 0.037026718 0.039498273 -0.139049858 0.3110286177410858 -0.6865437220671927 0.25477232923453863 -0.6058134835843476
17617973537200.000000 0.036276445 0.039501436 -0.139431491 0.3105110358507248 -0.6819366951123553 0.25503245110573536 -0.6111494820067748
17618006498900.000000 0.035831481 0.041138612 -0.139944509 0.30995718738082556 -0.6771396767768634 0.2551293108254187 -0.6166988202382423
17618040129700.000000 0.035386413 0.041447915 -0.140763566 0.309969031802926 -0.6723802267772948 0.2552589592810718 -0.6218254527347803
17618073164500.000000 0.033651739 0.041318312 -0.141158804 0.31066637335940406 -0.6678077308618786 0.2542351313647094 -0.626804384991676
17618105476000.000000 0.033396423 0.041633703 -0.141678810 0.3107434708038288 -0.6629665349040361 0.2539086464829143 -0.6320160347580904
17618138616500.000000 0.035031542 0.041358035 -0.143405512 0.3108150127404087 -0.6574361853067913 0.2539314499675408 -0.6377229091241873
17618173361400.000000 0.035931036 0.041772075 -0.143947273 0.31132299541570996 -0.6514283949959738 0.2526918163099346 -0.6441008342552784
17618204860600.000000 0.035290956 0.042096935 -0.144911095 0.312133860216422 -0.6450166880233817 0.2512759663325003 -0.6506814229877866
17618237628700.000000 0.034946337 0.041654229 -0.145061225 0.3121071526483229 -0.6383175232044231 0.25085619404145787 -0.6574275889761256
17618271293000.000000 0.035136938 0.040895082 -0.145965263 0.31163471382968855 -0.6317668270722812 0.25127103857475974 -0.6637901374085581
17618303585500.000000 0.036978751 0.042672530 -0.147943944 0.3104086031775159 -0.6252844446040421 0.2520845234527431 -0.6701636034918649
17618337249800.000000 0.031745821 0.042855829 -0.149955213 0.31146232716223393 -0.6204954166158331 0.2503812759189563 -0.674748748340169
17618369512900.000000 0.032440320 0.043258741 -0.150463462 0.31116845632278295 -0.6158090208815318 0.24969028424341377 -0.6794175472749204
17618402505100.000000 0.033661485 0.043845925 -0.151172489 0.31096917841220734 -0.6106847132540261 0.24905107030667673 -0.684350725472388
17618435465400.000000 0.032378107 0.044521298 -0.153168201 0.31134472180255357 -0.6047463585222119 0.24897173027363573 -0.6894631125624973
17618468601500.000000 0.031269819 0.044411141 -0.152925283 0.3113955029417931 -0.5985829676690705 0.24885526234219904 -0.6948397872666127
17618502028300.000000 0.031178057 0.046622112 -0.155808374 0.31120084026914424 -0.5916997468726888 0.24881902926156646 -0.7008099152009098
17618534798800.000000 0.029236808 0.045523148 -0.156323805 0.3103013747556807 -0.5861082095527758 0.2487699389472018 -0.7059063259355164
17618567627600.000000 0.026292205 0.048193831 -0.158177972 0.3088090686719047 -0.5810348189112644 0.2483972597236729 -0.7108686936984321
17618600701500.000000 0.026808530 0.046109881 -0.158039078 0.3078061240757534 -0.5754971920106794 0.24847539368598232 -0.7157641725469928
17618633706600.000000 0.025718302 0.047766190 -0.157308519 0.3069858579703069 -0.5698638528413398 0.24839474920421148 -0.7206350815765461
17618666692300.000000 0.025423661 0.045188606 -0.158920884 0.30727197187557115 -0.5634676986114466 0.2487858046349546 -0.7253921086787175
17618699747800.000000 0.025300592 0.044853400 -0.158963814 0.3069374601669765 -0.5573444998090958 0.24928952279884917 -0.7300761863679137
17618732784500.000000 0.023171544 0.046956550 -0.156744763 0.30637374397673345 -0.5518907788189535 0.24947746249643166 -0.7343791207289525
17618765764100.000000 0.022790164 0.044417825 -0.158902869 0.3076909907346909 -0.5456377271027647 0.2502159135936369 -0.7382396098607382
17618799020100.000000 0.023875505 0.047786094 -0.157515779 0.30786765064713023 -0.539995921784156 0.25127889335431314 -0.741943954686692
17618831900300.000000 0.022247434 0.045320138 -0.157012388 0.30925636492916964 -0.5347802184524735 0.2512709628180517 -0.7451399344735259
17618864888100.000000 0.020422727 0.046884824 -0.157386214 0.3086266848504012 -0.5297788529618385 0.2518559552830985 -0.7487673297768325
17618897895700.000000 0.009449556 0.050337560 -0.150883555 0.3071322196027117 -0.52718806489323 0.2507297493713258 -0.7515830870211461
17618930988600.000000 0.009427771 0.050538860 -0.150670320 0.30520493245949604 -0.5223674234574694 0.25167791349797697 -0.7554074741290981
17618964186200.000000 0.007155940 0.049939573 -0.148647383 0.30407064049890487 -0.5183321562240034 0.25206759162789316 -0.7585082403386763
17618997128300.000000 0.005956173 0.049272273 -0.147469312 0.3030819115451622 -0.5141260920522738 0.2528012242559328 -0.7615164196390574
17619030190300.000000 0.004380405 0.048095133 -0.146713331 0.3030975107227615 -0.5100427113529651 0.25378406068145604 -0.7639253773330301
17619063168800.000000 0.003528446 0.047677696 -0.145432040 0.3027472216055356 -0.5062138826459104 0.25479504428977623 -0.7662709117747145
17619097007800.000000 0.000105649 0.047322128 -0.141983330 0.3018808360978949 -0.5033428095757974 0.25516484488871194 -0.7683780832234206
17619129110400.000000 -0.000703633 0.045034464 -0.142939866 0.3008087517474819 -0.49946041280243786 0.25681967696783636 -0.7707769096421326
17619163417400.000000 -0.000832766 0.043421067 -0.141794816 0.2989391534414897 -0.4958375070596609 0.2575537955237704 -0.7735932985386095
17619195808900.000000 -0.002362475 0.044514641 -0.141349658 0.29703107024874126 -0.4923253600498255 0.25957099967627006 -0.7758937938183027
17619228277900.000000 -0.003887817 0.042095307 -0.138117805 0.29602374079862637 -0.4888042293999118 0.26016495386646893 -0.7783023621858052
17619262184100.000000 -0.008095637 0.044207748 -0.138346076 0.2950642055216513 -0.4844095218012553 0.26061835811018447 -0.781257064751486
17619294775700.000000 -0.008600697 0.042605191 -0.137085453 0.2938402004727414 -0.47965545105218416 0.2613474719227654 -0.7844017362178927
17619327675600.000000 -0.011240199 0.042322434 -0.133955449 0.29322507663848707 -0.47467171727833607 0.2608961735072681 -0.7878064495138728
17619360422500.000000 -0.011675388 0.039854959 -0.134612247 0.2938372925439592 -0.4682913442282486 0.26104305830153407 -0.7913402454974205
17619393704900.000000 -0.013180450 0.040401649 -0.136192709 0.29407999057591455 -0.4618244083244447 0.2617524642756468 -0.7948086703504642
17619426437400.000000 -0.012691095 0.039184608 -0.135424197 0.29367566279224516 -0.45530852537427274 0.2625297039405809 -0.7984528203681868
17619459145600.000000 -0.015896112 0.040456004 -0.133997098 0.2927494631607114 -0.4492114896799288 0.262552986771585 -0.802229841439456
17619492763000.000000 -0.014978126 0.037964813 -0.139318272 0.2922226397312589 -0.4407421202930666 0.26328710863650906 -0.8068656707618027
17619525487400.000000 -0.014950663 0.037214458 -0.138643324 0.29038481459561644 -0.43325354647655273 0.263478090704193 -0.8115092849971787
17619558117800.000000 -0.014472723 0.039428532 -0.142549217 0.2880783519877192 -0.42398086503069127 0.26428553844827424 -0.8169481277112839
17619591164500.000000 -0.022980571 0.044493776 -0.141216159 0.28594717307203515 -0.41646360240852015 0.26432482482184 -0.8215379900308526
17619624130400.000000 -0.018407166 0.040266052 -0.141767412 0.2861027057602018 -0.4079684587474 0.2646653166383772 -0.8256265793884484
17619657222800.000000 -0.023116797 0.042960003 -0.140803397 0.28615197809803466 -0.40049395546350286 0.26235884939536736 -0.8299936573322224
17619690789300.000000 -0.027269498 0.049810592 -0.139831632 0.2844266374523682 -0.39257139464675267 0.25855806661197106 -0.8355458779759029
17619723390700.000000 -0.028243527 0.050189164 -0.139638335 0.2833150567161659 -0.3833985848939061 0.25680462661135456 -0.8407077301240121
17619756227000.000000 -0.029614598 0.051531758 -0.141345680 0.2830377856515419 -0.37250474853104315 0.25550595649141383 -0.8460771421169018
17619789621500.000000 -0.030785650 0.053560644 -0.140497923 0.2823133469694487 -0.3621343600424745 0.25395518122543853 -0.8512723684745617
17619822558900.000000 -0.032025144 0.055622980 -0.141657546 0.2819317671811505 -0.35232134204033233 0.2520269962693273 -0.8560762487935716
17619855237800.000000 -0.032662585 0.057506219 -0.141802832 0.2816163525793403 -0.3439931379621986 0.25081133904228536 -0.8599154744523698
17619889857700.000000 -0.034096897 0.060919091 -0.140369296 0.28024971247789293 -0.33639954288234697 0.24988826448340193 -0.8636268299897125
17619922687200.000000 -0.036231771 0.061681900 -0.140388221 0.27999785009652806 -0.32772654482325203 0.248326275876874 -0.8674852024493893
17619956004400.000000 -0.036868513 0.060077950 -0.141366586 0.28064278019866756 -0.31763436299890635 0.2465546723045123 -0.871526726457345
17619990301500.000000 -0.038131014 0.061027251 -0.139749080 0.28030511850270773 -0.3072084029391968 0.24558567854214833 -0.8756367467161962
17620030604300.000000 -0.036429882 0.059092518 -0.139810860 0.2798351773886548 -0.2965066051625512 0.24420300300008785 -0.8798528285551955
17620063413500.000000 -0.037925214 0.057444338 -0.137282372 0.2791583373762426 -0.2870877600492026 0.24208720313778848 -0.8837675185138831
17620097250200.000000 -0.036580175 0.054784108 -0.139356017 0.2787781666018022 -0.2771522285390534 0.24076683914362343 -0.8874123648061045
17620130968500.000000 -0.034619659 0.053466603 -0.139079005 0.2783996844379367 -0.268392644003819 0.23987952017491046 -0.8904587694835463
17620163471400.000000 -0.043384135 0.055439338 -0.131126404 0.2785148039495029 -0.2631580893141159 0.2368113268994716 -0.8928032927031717
17620195842900.000000 -0.043010548 0.055156521 -0.130501062 0.2783479234323552 -0.2559877536684802 0.23645588331414558 -0.8950314624295553
17620229381800.000000 -0.044119492 0.052333415 -0.127179533 0.27848912727347785 -0.2500092677358654 0.23478395687431167 -0.8971151908373163
17620262073900.000000 -0.045208722 0.052918658 -0.124702781 0.27683036188891685 -0.24360087223772617 0.23503648486429443 -0.8993227543902726
17620293235300.000000 -0.045464233 0.051977340 -0.121826552 0.27479454873285425 -0.2378265686806954 0.23500574808489896 -0.9014980740874218
17620326354300.000000 -0.046547174 0.050868981 -0.118322141 0.27387435802827903 -0.23252681834393188 0.2337875578450068 -0.9034752307408952
17620360570500.000000 -0.046037048 0.047206234 -0.117855266 0.2730738567371733 -0.22675643706898513 0.2336934441622176 -0.9052069162186431
17620392889500.000000 -0.048928328 0.049737241 -0.113760382 0.27057476321188306 -0.22186061092289133 0.23466419685417464 -0.9069177920564466
17620425115400.000000 -0.049786896 0.047828183 -0.109004214 0.2692408042337196 -0.21708299186713756 0.23446662032810328 -0.9085206480479733
17620456163400.000000 -0.050881796 0.047008120 -0.107077584 0.26916704394821017 -0.21113907599986756 0.23467046040318928 -0.9098896460847654
17620491795700.000000 -0.052326277 0.047608927 -0.099867389 0.26981873021102104 -0.2068972901359639 0.23354699083289762 -0.9109594761758646
17620526540100.000000 -0.052262895 0.047657866 -0.096526757 0.2709852907288662 -0.20123542558545654 0.2325747331109227 -0.9121295243639552
17620559492100.000000 -0.053773686 0.045361891 -0.092324488 0.27155020280064096 -0.1957950884824519 0.23081896241708538 -0.9135903771788426
17620591537600.000000 -0.052917056 0.041309152 -0.092803523 0.27036396015904895 -0.18915679532486826 0.23055810911996663 -0.9154048252814532
17620623278300.000000 -0.054768451 0.038391612 -0.087302297 0.2684182650955585 -0.1837054121791147 0.22810886150585152 -0.9176983729971937
17620655477100.000000 -0.055783615 0.037851408 -0.082258217 0.26668408166484114 -0.17753019164793513 0.2262471551975675 -0.9198776312124541
17620688603000.000000 -0.056586318 0.038531017 -0.081892386 0.2652416262966514 -0.1692057433860352 0.22469622753154678 -0.9222406960321032
17620721370400.000000 -0.056195632 0.032797810 -0.079390392 0.26538003306422897 -0.16216336219235283 0.22104208000587108 -0.9243467319572124
17620754747100.000000 -0.055707276 0.034590311 -0.080245920 0.2639504736655843 -0.15386428017833906 0.22006265248017132 -0.9264061526783524
17620807250900.000000 -0.060352974 0.032674350 -0.068995878 0.2636740386631804 -0.1496863715352855 0.21650108412818322 -0.9280071508792211
17620839462800.000000 -0.058648735 0.029953038 -0.070972867 0.26267985834955326 -0.1381595734921763 0.21490685250546648 -0.9304441246072288
17620876805100.000000 -0.060700864 0.028638680 -0.075800791 0.2621442261343634 -0.12912951748685658 0.21340107099500588 -0.9322370703400569
17620906170100.000000 -0.062202372 0.029695755 -0.075048849 0.25987109718360096 -0.12086176306037665 0.2125419940847946 -0.9341762937631141
17620935091400.000000 -0.062998384 0.029272940 -0.073352136 0.2584455255744836 -0.11454606288251576 0.21092130579265997 -0.9357335692126061
17620963421000.000000 -0.063630708 0.031015588 -0.073195979 0.2566645014373298 -0.10686539634346327 0.20939077018978353 -0.9374746002562474
17620993855000.000000 -0.064737275 0.032928649 -0.073260337 0.2561146429602737 -0.09929886431300704 0.20841488398816868 -0.9386736713787581
17621026506200.000000 -0.065933868 0.034718651 -0.074500144 0.254693670015688 -0.08963849313723654 0.20623367091250389 -0.940512492199853
17621059444600.000000 -0.068236582 0.037665505 -0.074627489 0.25195372389080795 -0.07900731938250624 0.2053653933697728 -0.9423917549021871
17621093556100.000000 -0.068269461 0.035162978 -0.074163839 0.24952633219454765 -0.06912978350816118 0.20461319908145556 -0.9439762292215327
17621125891700.000000 -0.069306225 0.034703068 -0.074512996 0.2465032267971865 -0.05867132720187965 0.20382936610073216 -0.9456465640279769
17621158586900.000000 -0.068113685 0.034357965 -0.076229751 0.2430828516832311 -0.04866742713183918 0.20203189720616807 -0.9474836786273375
17621191471500.000000 -0.068226688 0.035569929 -0.078715123 0.23993282511513567 -0.03892230737593893 0.2001251633244461 -0.9491402490808017
17621225054100.000000 -0.070340283 0.031718440 -0.076617017 0.23908608411973334 -0.031195270280415795 0.19670961653323404 -0.9503525799700718
17621260095900.000000 -0.071327493 0.036825165 -0.080586918 0.2359449304496454 -0.019772643138610956 0.1962675936017635 -0.9515345837541577
17621295679900.000000 -0.071833372 0.032065019 -0.078646354 0.23604657981426502 -0.010870612175701913 0.19367426760545453 -0.9521838688070724
17621323544100.000000 -0.072426379 0.031444002 -0.079633735 0.2346025593220276 -0.0003885363944964652 0.1931039630086807 -0.952718398935051
17621356541000.000000 -0.073578015 0.029465931 -0.077024281 0.2334566297816421 0.008630005822734488 0.1908884715026925 -0.9534071095066696
17621390079600.000000 -0.074910320 0.029684398 -0.077603012 0.23222987096213177 0.017909403268890733 0.1899690121006073 -0.9537611413498578
17621422609200.000000 -0.074686632 0.028970476 -0.075572334 0.2302793787208779 0.025695492102551388 0.18789688281285372 -0.9544662963409168
17621456787100.000000 -0.074997544 0.029327024 -0.075191416 0.2288467221776835 0.0342839126257803 0.18692171309481248 -0.9547324568994702
17621491365500.000000 -0.074990094 0.028836485 -0.073020414 0.22751892332343104 0.04241890760496513 0.18494974850361925 -0.9551069920882141
17621521521300.000000 -0.074452519 0.028443851 -0.072371885 0.22677148550893497 0.05079306610429531 0.18339332590137664 -0.9551762380894048
17621554502100.000000 -0.075223163 0.028665302 -0.071734399 0.22594925584918216 0.05964971976259293 0.18180678119964397 -0.9551623626500731
17621587698700.000000 -0.075127840 0.028273458 -0.070990197 0.22473545502121123 0.06732215598419558 0.18098082341833166 -0.9550956204092192
17621620524500.000000 -0.074499115 0.027753012 -0.066941530 0.22290441031838237 0.07342074581362673 0.17942074578948505 -0.9553696739614096
17621653546500.000000 -0.072901607 0.025135297 -0.066699557 0.22178792966393224 0.07935872898564159 0.17950306071139657 -0.9551392346587019
17621687029800.000000 -0.073030472 0.025924612 -0.067231692 0.2201489210683053 0.08591299355215502 0.1798470655359188 -0.9548866126978047
17621719712900.000000 -0.070688754 0.024239782 -0.066796251 0.2187887500719784 0.09157981098514008 0.17995315658064395 -0.9546525454313364
17621752827200.000000 -0.069619924 0.023760000 -0.066956714 0.21738426617466944 0.09789689295049207 0.17957737027586362 -0.954417229127359
17621785983600.000000 -0.067834646 0.021010473 -0.066939354 0.21663211868602222 0.10409098794092958 0.17811147823429696 -0.9542074683758663
17621818505600.000000 -0.063424677 0.016664961 -0.062774256 0.2151805662845821 0.1077033480743181 0.17723774985144955 -0.9542976960752991
17621851688400.000000 -0.061685897 0.014278050 -0.061065432 0.21362194334467202 0.11314186023450605 0.1766470612509833 -0.9541280839256921
17621885540300.000000 -0.059421267 0.016960625 -0.048924778 0.20871431495140408 0.11621351831309981 0.17515305904798878 -0.9551199708946456
17621919467400.000000 -0.059381545 0.016860610 -0.047523178 0.20565216149535087 0.12227490263980582 0.174862772285645 -0.9550806497491691
17621950956600.000000 -0.059240468 0.015810138 -0.046797290 0.20300053288066927 0.12838851209150892 0.1747729221583342 -0.9548620839122945
17622004733400.000000 -0.056240641 0.013236670 -0.043455660 0.200242721634994 0.132733013624171 0.17376929330128854 -0.9550335241403972
17622035796400.000000 -0.054351315 0.011868845 -0.042024814 0.19763929952910697 0.13936286188606511 0.17371743850190646 -0.9546407447667975
17622067885200.000000 -0.054259215 0.010713911 -0.040236644 0.1968022066143162 0.14380552704955135 0.17387826821059782 -0.9541253637262874
17622097664800.000000 -0.053384922 0.010531665 -0.039072514 0.19500196035993297 0.148180542237804 0.17358786303818388 -0.9538784074313299
17622126724600.000000 -0.053188719 0.009828854 -0.036803328 0.19426530518455729 0.15145071732317802 0.17300468193412943 -0.9536210208739719
17622157581500.000000 -0.050473914 0.009399673 -0.034366310 0.19330554994337618 0.1538583250352789 0.1724776634099216 -0.9535261065136503
17622188486500.000000 -0.049476892 0.008364637 -0.031675447 0.1934183574255115 0.15698981548178112 0.1717096715901373 -0.9531313264856112
17622221632200.000000 -0.049790643 0.007407719 -0.030344615 0.19344313045273473 0.1611896175703967 0.17100004071679392 -0.9525527011892888
17622254530900.000000 -0.051719531 0.006500499 -0.029388921 0.19347765180294788 0.1659409806675147 0.1697443710991978 -0.9519542203635942
17622288180500.000000 -0.051256679 0.006707766 -0.028944002 0.1922602796403017 0.17012914833660722 0.16867831892040697 -0.9516510297819675
17622320533100.000000 -0.052526560 0.006612257 -0.028253496 0.1904118126331684 0.17548837874054882 0.16637313943676582 -0.951455279564268
17622353558300.000000 -0.048438929 0.004444144 -0.023441229 0.18814479869970752 0.17826747457465164 0.16297769780035104 -0.9519771595215507
17622386961300.000000 -0.048509061 0.002294823 -0.023202613 0.1867188866228368 0.18423914174542927 0.1590879349020754 -0.9517788740016396
17622419467400.000000 -0.050280210 0.004050186 -0.021171486 0.18484120773761453 0.19079692504923557 0.15682328487047018 -0.9512290568713152
17622452536400.000000 -0.050366543 0.003974834 -0.021358171 0.1824835405109719 0.19772988356410726 0.15305876579322894 -0.9508815198552124
17622485709700.000000 -0.051377892 0.004260534 -0.020419803 0.1798783981025184 0.20531626777736242 0.15033866727712938 -0.9502038082450432
17622518508100.000000 -0.055551894 0.001826563 -0.027182814 0.17921393682680603 0.21486585597362962 0.1489127603564305 -0.9484408355753065
17622551623300.000000 -0.049888905 0.001845031 -0.019097773 0.1752047993990512 0.21810552135582267 0.1463774578021602 -0.9488450345915396
17622584515100.000000 -0.051932421 0.003271225 -0.023322625 0.17370108884992325 0.22550282259616777 0.14552860181919808 -0.9475219442240173
17622617496900.000000 -0.049672708 0.001129320 -0.019506160 0.17177734670737368 0.22932327605654704 0.1416495103491504 -0.947543558067234
17622651282600.000000 -0.050145209 0.000801069 -0.021064144 0.16992771831363432 0.2356196156913354 0.13908491381459445 -0.9467118642963003
17622683747500.000000 -0.050687805 -0.003653666 -0.021707561 0.16861159591948907 0.24227125375025596 0.13603713055649413 -0.9457106684592901
17622717633900.000000 -0.056691032 0.004565946 -0.023069002 0.1642943779586648 0.25297913755510837 0.13732018023838272 -0.9434787127605726
17622749463600.000000 -0.059594698 0.003163297 -0.028503956 0.16253751480380807 0.2630266365742849 0.13572267844730992 -0.9412639902221422
17622782545100.000000 -0.055928409 0.000733161 -0.020309642 0.1596419412964314 0.2670516008415087 0.1327394200262956 -0.9410516135888494
17622815569800.000000 -0.055197671 0.001582389 -0.018787939 0.15689492865574559 0.27328605548080903 0.13162170344209537 -0.9398800138447726
17622848519900.000000 -0.054408982 -0.000385989 -0.018607209 0.1555059356631592 0.27907077641959216 0.12948953380741043 -0.938706485732591
17622881582400.000000 -0.053736322 0.000750928 -0.017154904 0.15381051510219862 0.28488924547279854 0.12825163429006822 -0.9374070415565814
17622914610500.000000 -0.053147916 -0.000078332 -0.015995180 0.15259534604245556 0.29055284681410487 0.12615764055280165 -0.9361506039652769
17622948243400.000000 -0.053684786 0.000632394 -0.015615894 0.1516973609443563 0.29648629988168973 0.12546849259308496 -0.9345273896635675
17622980481200.000000 -0.052758727 -0.000349870 -0.014490748 0.1506800991888714 0.3010995446197784 0.12375825751341742 -0.9334444095046243
17623013603300.000000 -0.052172601 -0.000730620 -0.013800601 0.14948139963314713 0.3060778157524143 0.12236461728973486 -0.9322009345111617
17623046826000.000000 -0.052403055 -0.000005881 -0.013372034 0.14823279516522242 0.31175187985797326 0.12203389313274401 -0.9305619446170099
17623080370900.000000 -0.049916890 0.000041974 -0.009653259 0.14650725784754406 0.31630254229752036 0.12151007547865095 -0.9293673260295368
17623113975300.000000 -0.047047250 -0.001197868 -0.008456718 0.14530174052012937 0.32041481839508884 0.12104523958613238 -0.9282078422035656
17623147034400.000000 -0.045401879 -0.002215737 -0.006440590 0.14471304235584856 0.323791584514229 0.12050835119541599 -0.9271973266042357
17623178685800.000000 -0.043991942 -0.002895833 -0.006189899 0.1445297706409853 0.32671905220304087 0.12075513923058388 -0.9261662932084137
17623211654400.000000 -0.042156454 -0.002671193 -0.005371028 0.14363168397429835 0.3288339747916926 0.1215620646114974 -0.9254516847619837
17623244906900.000000 -0.037334543 -0.006338610 -0.001507871 0.14327111985567312 0.3297070541999135 0.12105850510754597 -0.9252629263983524
17623277588300.000000 -0.037046302 -0.007453131 -0.002844584 0.14290474161635697 0.3341400813837224 0.12117159364647714 -0.9237132053454766
17623311039300.000000 -0.033772577 -0.006654050 0.000801706 0.1418379475226233 0.3374531913258838 0.12121039751353918 -0.9226675348364415
17623344404000.000000 -0.028401371 -0.010641006 0.003003996 0.1417739026736557 0.3398695029914314 0.1198776146974367 -0.9219643371364704
17623377714400.000000 -0.027394794 -0.011198618 0.003556296 0.1406573786336229 0.34379960206183685 0.11973979273557356 -0.9206952359460117
17623411394200.000000 -0.028187692 -0.006731081 0.005978383 0.13889722763780474 0.3477147355470347 0.12195318759918404 -0.9192004367233438
17623444008500.000000 -0.027275559 -0.010335660 0.004066866 0.13815087630077968 0.3512913926266605 0.12062751611605367 -0.9181272761439012
17623476033000.000000 -0.024877312 -0.009855337 0.007459128 0.1360016921729114 0.35451926290945246 0.11991010592772469 -0.9173010402526779
17623508585500.000000 -0.022974240 -0.012840763 0.008144495 0.1350641935071547 0.3588473214091516 0.11821540576739882 -0.915975644539192
17623541537400.000000 -0.023028644 -0.011732468 0.005491178 0.1330346368834614 0.3652738079820317 0.11772205327173345 -0.9137933840672511
17623574708100.000000 -0.026185373 -0.008015802 0.008052330 0.12972332713866905 0.37189985374069573 0.11795723070602533 -0.9115637382585425
17623607522000.000000 -0.024716286 -0.008495526 0.008090409 0.12719665758267923 0.3774537741798551 0.11638966497393574 -0.9098368560046536
17623662811700.000000 -0.023965031 -0.008099001 0.008534504 0.12456699753500637 0.3836670456368235 0.11526609105152448 -0.9077424686942476
17623693428500.000000 -0.024377750 -0.007419233 0.009854774 0.12260137108234316 0.39185810921002934 0.11389812002397177 -0.9046785861896341
17623726704100.000000 -0.024349967 -0.007886042 0.009917341 0.12122813349335747 0.39758862878345386 0.11222194571425088 -0.9025703611419541
17623755990800.000000 -0.024130827 -0.008489761 0.010245947 0.11879857476630891 0.40402104389928206 0.10982138906955737 -0.9003294714841124
17623785445700.000000 -0.022962395 -0.008816975 0.010217384 0.11543333524811342 0.4099499748916399 0.10782224011677682 -0.8983265151024101
17623815296500.000000 -0.024764111 -0.010392546 0.007882440 0.11208287401921657 0.41796958322446204 0.10493622102804162 -0.8953922304594317
17623846345600.000000 -0.025476290 -0.010252268 0.008743158 0.10773883094100295 0.42620587875064475 0.10227165172597033 -0.8923460105133538
17623879587200.000000 -0.027100746 -0.010672485 0.007643523 0.10398833120019034 0.43548623356184984 0.09945499001065045 -0.8886207696842872
17623912711800.000000 -0.028324751 -0.009267723 0.006952237 0.10087489579319384 0.4444863514046425 0.09718780377121532 -0.8847658840686777
17623945820100.000000 -0.028715121 -0.008849397 0.006508545 0.0981235745059254 0.4525467611798404 0.0945321996615236 -0.8812700246229701
17623978534400.000000 -0.028738605 -0.009464271 0.005804878 0.09530731057379367 0.4597989834410693 0.0915586385945406 -0.8781334904651252
17624011959400.000000 -0.028631255 -0.011550338 0.004840283 0.09286207131122645 0.46690781417187305 0.08803873913005683 -0.8749988052502827
17624044486500.000000 -0.031189211 -0.010481286 0.006954516 0.089345139596414 0.47552221519107923 0.08526309208494523 -0.8709915464678062
17624077497900.000000 -0.030568076 -0.011864563 0.003914934 0.08667949730796075 0.48387155494529577 0.08179229274484337 -0.8669861613133182
17624111056000.000000 -0.025373023 -0.011782727 0.006346417 0.08338380172081496 0.4905956931632925 0.07861949270063524 -0.8638182579846916
17624145116200.000000 -0.025303444 -0.010919837 0.007770311 0.08060757290638625 0.49838826936661984 0.07621991606186904 -0.8598267712413988
17624178407600.000000 -0.025050454 -0.010803265 0.008183564 0.07769477959246143 0.5055281060287262 0.07335536980889662 -0.8561681172289048
17624210383000.000000 -0.024324009 -0.011427226 0.007103517 0.07600818522399769 0.5121750207073321 0.07068223731693232 -0.8525863740819879
17624244356900.000000 -0.021525068 -0.011633025 0.007781269 0.07319691851326521 0.517760659096475 0.067013299133582 -0.8497501566645219
17624276635100.000000 -0.020753790 -0.011342757 0.006857757 0.07055512689168222 0.5240944086036856 0.06383834464849386 -0.8463283586718525
17624308471100.000000 -0.019656003 -0.012689578 0.006031588 0.06924275597895216 0.52986365174683 0.06083958407176021 -0.843059011168215
17624343411500.000000 -0.016088268 -0.011779877 0.006351107 0.06598889143792208 0.5343938680439843 0.05844575506718269 -0.8406264055562435
17624374699600.000000 -0.015715433 -0.013320465 0.004310808 0.06442953537042058 0.5395614744611333 0.05701348018506848 -0.8375390816710981
17624407567000.000000 -0.013516176 -0.011643644 0.005088854 0.06123822750000718 0.5435727967181697 0.056913600654264665 -0.835188204072119
17624440460700.000000 -0.010263012 -0.012706285 0.003876817 0.05906424243608708 0.5471624691717482 0.057030524348026496 -0.8329898960299076
17624474179000.000000 -0.007684070 -0.012561768 0.004403313 0.05744414540937554 0.5504992365976834 0.05758110772499917 -0.8308641144595886
17624507258300.000000 -0.005790262 -0.013092396 0.003960324 0.056170126130654564 0.5541539845622064 0.0580294178984242 -0.8284870940350648
17624539397000.000000 -0.002358145 -0.013215096 0.002576807 0.0547636886058832 0.5566053689823789 0.05808275237359029 -0.8269327635950675
17624573098100.000000 0.000437660 -0.012829464 0.002147972 0.054446698186420325 0.5584553092941179 0.05839255803143459 -0.8256836765640663
17624606421100.000000 0.003145545 -0.013455354 0.000481905 0.05422535398364322 0.5598652735539905 0.05872934958206478 -0.8247189520990358
17624638696100.000000 0.007019988 -0.013309447 -0.000721952 0.053192015503955546 0.5607847687368787 0.059416900515366626 -0.8241120582617996
17624671526800.000000 0.009215258 -0.012657841 -0.000591631 0.05278758715241298 0.5625083582998389 0.06047255457376999 -0.8228857075127559
17624705745100.000000 0.012642488 -0.012581832 -0.000043130 0.052581533024638014 0.564171430364446 0.06130446921968774 -0.8216979625136029
17624737413600.000000 0.014999039 -0.012740049 0.000052998 0.05286420148066644 0.5661117424999059 0.06156677684643954 -0.8203245718581594
17624771304300.000000 0.016463900 -0.011943190 0.001626249 0.05367519405813594 0.5684533091738724 0.062345203872450156 -0.8185920133901857
17624803397800.000000 0.024021672 -0.011143538 0.002469192 0.05267578410369499 0.5692973325652524 0.061751653932986886 -0.8181152376894651
17624836380200.000000 0.026875513 -0.010329976 0.002005798 0.05317056501867128 0.5714911503608545 0.06160166020728559 -0.8165635257189294
17624869505700.000000 0.030673876 -0.009761777 0.004891623 0.054332791158141575 0.5737229742307646 0.06144127726166135 -0.8149324303850148
17624903332600.000000 0.032003410 -0.008616608 0.004189757 0.05450134973136129 0.5767498545274209 0.06126772169537711 -0.8127948538581655
17624935497800.000000 0.036235757 -0.010293638 0.002879208 0.05413555542918592 0.5786502909924595 0.06062532579735533 -0.8115157128760232
17624969056700.000000 0.038569558 -0.008757069 0.005477298 0.053691555438693986 0.581157195073344 0.06079635431450292 -0.8097390535173182
17625002105100.000000 0.041409049 -0.008060433 0.004731253 0.05322401454898661 0.5836086608956692 0.060512334378535586 -0.8080262326130961
17625034579900.000000 0.041261736 -0.008676779 0.004637534 0.05302387311826189 0.587304512735501 0.05960545309140823 -0.805424774986356
17625067624800.000000 0.044287596 -0.007228569 0.008141433 0.052337447416578954 0.5905734758178772 0.05894765176414776 -0.8031244832588538
17625102174600.000000 0.045678969 -0.007546655 0.007574177 0.0527377551472149 0.5942482918451955 0.05791880546191916 -0.800458061858936
17625134890200.000000 0.044969194 -0.006921667 0.008690464 0.05228175691744418 0.5983051954728821 0.057021772762061586 -0.797524939042569
17625167428400.000000 0.043715339 -0.010404269 0.003080213 0.05220197680233271 0.6018261667629176 0.05552968104885757 -0.7949821841651509
17625200207600.000000 0.044083893 -0.010835408 0.003675944 0.050489286503229515 0.6054324925405243 0.05436221400563192 -0.792431119159873
17625232423300.000000 0.044089753 -0.010265241 0.004906081 0.04703834420316733 0.609644305389282 0.05270869345770672 -0.7895207462220519
17625265361800.000000 0.044448677 -0.010512415 0.004720482 0.045505293540384746 0.6137613788248049 0.050331510268391284 -0.7865703892195414
17625298358000.000000 0.044485804 -0.010186288 0.004703420 0.04354218536835561 0.6186981408217936 0.047350941780890866 -0.782990789824163
17625331371900.000000 0.044960003 -0.010613062 0.006143300 0.04214210070385061 0.6230701483429953 0.04340111726074815 -0.7798230418579738
17625364440100.000000 0.044764355 -0.010614903 0.004898671 0.04161848137763165 0.626825857505756 0.04054797983541849 -0.7769897732282324
17625397359300.000000 0.044938333 -0.010126735 0.004935832 0.04099852861618271 0.6298056441960499 0.03854383305182909 -0.7747117813250161
17625430543200.000000 0.044678044 -0.010289385 0.004630957 0.04071106932987727 0.6320260834152319 0.03693622790133441 -0.7729950541790296
17625463608300.000000 0.043630451 -0.010016462 0.003706908 0.04104412696392737 0.633912950934761 0.03591459607480794 -0.7714790289228449
17625496855900.000000 0.043519381 -0.009244678 0.004234185 0.0411104631544524 0.6355596107668156 0.035492771086795424 -0.7701390615867635
17625530034700.000000 0.042413577 -0.010860970 0.001421509 0.041949184642344074 0.6369268568667136 0.03534992204145684 -0.7689699785566368
17625562412700.000000 0.040857926 -0.009323881 0.003758939 0.041839061637819905 0.6388029085025612 0.03622453485734937 -0.7673774300071016
17625595400700.000000 0.040200844 -0.009249103 0.002111851 0.04193568025534665 0.6404236042253565 0.03659193920847259 -0.7660026343671991
17625628439900.000000 0.038628258 -0.010120773 0.000335626 0.04181856582110562 0.6419169819398982 0.03683682434618766 -0.7647462613324281
