17605034187400.000000 0.13291994446556812 0.5953655470166023 0.5164313500417205 0.10610905129882053 0.5129212735138471 0.0827623024932699 -0.8478225272398758
17605066992300.000000 0.13280245345323236 0.5951927099308271 0.5162315049444282 0.10619568057112673 0.5136753002921715 0.08306643178332052 -0.8473252806381796
17605100515700.000000 0.13280644915205872 0.5950014702864419 0.516190491841606 0.10584229747817153 0.5141372787048535 0.08369547481733954 -0.8470273515097433
17605133240900.000000 0.13299611585206722 0.5951900444831603 0.5162604377013247 0.10582799915610362 0.514097704649275 0.08364162423542708 -0.8470584769449051
17605165924900.000000 0.1329238019653905 0.5954406219805287 0.5161965582202122 0.10608428070949605 0.5144032350329847 0.08359568337416141 -0.8468454397912027
17605198951400.000000 0.1329812357565673 0.595478346143367 0.516293586156167 0.10570221217345416 0.5144505166641158 0.08370809817024492 -0.8468533890505388
17605231980900.000000 0.13291525533535417 0.5952694464207312 0.5161523851925275 0.1055732700685002 0.5148601497362726 0.08322452633357735 -0.846668169401176
17605264916000.000000 0.13301482497661216 0.5951816583650849 0.5163226980731419 0.10475410774290232 0.5149415944058432 0.08262340264666647 -0.8467792537591149
17605299153400.000000 0.1329756435165612 0.5952220720898838 0.5161893874471023 0.10504677204149011 0.5154345763325622 0.08191336459007707 -0.8465120045847362
17605331702400.000000 0.13299262285261446 0.5952000885465316 0.5161223425699654 0.1046633387291166 0.5158781985594453 0.08110272328336798 -0.8463673068196558
17605363858200.000000 0.13308270441528774 0.5953043212672167 0.5161854372068996 0.10450225097006673 0.5161966803215067 0.08052220453867678 -0.8462484513093521
17605397117600.000000 0.13314351608982264 0.5952178686931222 0.5162749334099912 0.10384272974242609 0.5162886610431956 0.08022233366539183 -0.8463020046881281
17605430071500.000000 0.13317624584116164 0.5951118957512272 0.5161374808131549 0.10408687210061952 0.5166130295113198 0.08014022255996968 -0.846081819638907
17605463042100.000000 0.13308020480430313 0.5951870583367967 0.516002879165373 0.10468325568614556 0.516974959837525 0.07992540289300282 -0.8458074466758553
17605515446900.000000 0.13303784168399418 0.5952888321747432 0.5160085254223856 0.10502661827499049 0.5170482879684042 0.07999611453925758 -0.845713366940173
17605544835100.000000 0.13301186290784703 0.5951144280496129 0.5161283500804242 0.10536553950393829 0.5169231350962197 0.08045043344646413 -0.8457046193829236
17605573262100.000000 0.13300605792241477 0.5951529756167817 0.5162285522152621 0.10523637297879986 0.516848852107444 0.08014020891125499 -0.8457955525971658
17605600687200.000000 0.13299256649627914 0.5952696079929775 0.516220325349902 0.10536758447540162 0.5170851424154399 0.08024723535926201 -0.8456246264461664
17605632103900.000000 0.13291925740332444 0.5950112862753811 0.5160087428092088 0.1048155645866925 0.5176984978296466 0.08052437551042954 -0.8452915400700256
17605665594000.000000 0.13299846472813728 0.5951827882241714 0.5161457700503359 0.10363981634075355 0.5182150774928314 0.08060261276923558 -0.8451125018260743
17605698675100.000000 0.13289020147344394 0.5949661237770061 0.5158247683926452 0.10355236247574108 0.5192165620853738 0.08076461641559494 -0.8444928339643741
17605731927500.000000 0.13296834430007604 0.594903370445627 0.516138270914137 0.10248353187414516 0.5193517681474547 0.08075859758566109 -0.8445406535701588
17605764559300.000000 0.13299157494736275 0.5950641661648056 0.5159525219823883 0.10323826317241425 0.5196467110832821 0.07989141130195984 -0.8443497611047523
17605798225400.000000 0.1329953916010712 0.5950354317405427 0.5160952295433643 0.10286152011581323 0.5195271127794197 0.07963511265953445 -0.8444935379256894
17605831363100.000000 0.1330890394743482 0.5951006201933137 0.5162031523550833 0.1031065795333507 0.5190815717964278 0.07948530365297815 -0.8447517041009603
17605863579600.000000 0.13311493611194802 0.5954425219743262 0.5163337484805783 0.10393777582791758 0.5184483861855473 0.07944083468502731 -0.8450428174963049
17605896472100.000000 0.13300464620746721 0.5952002948248679 0.5161035755168663 0.10452490502536087 0.5185981205872728 0.07978320807125948 -0.844846242379432
17605929395900.000000 0.13310686470218483 0.5953049935908764 0.5164731558182487 0.10401200119092996 0.5181102351619321 0.08027189978158349 -0.8451625346252406
17605962371200.000000 0.13311221197070547 0.5952592564607049 0.516482817904342 0.10391268652327643 0.5180734631224503 0.08053650762663439 -0.8451721193503319
17605995690400.000000 0.13319666722228246 0.595246181966455 0.5165572766145416 0.10355561984167863 0.5179852981926627 0.08068571025389543 -0.845255748644331
17606028934500.000000 0.13299160559705403 0.5953208207069851 0.5162275323165528 0.10469326896150656 0.5185479159101155 0.08053839357151045 -0.8447845556710598
17606061372700.000000 0.13296934056724385 0.5953991000267033 0.5161256053293619 0.10490984598947929 0.5187897108201609 0.08019116889245426 -0.8446422536158487
17606095161200.000000 0.1330593012872363 0.5950798198246887 0.5161773837334107 0.10393425880926996 0.5188900571847407 0.08022546705720404 -0.8446979654503957
17606127477700.000000 0.13313737829001376 0.5951046508048469 0.5161186359722453 0.10357005308577731 0.5190024200248999 0.0798585881562098 -0.8447084337271669
17606160527900.000000 0.13311459348411714 0.5952041567660222 0.5161162191078033 0.10360476264277808 0.5190424467054285 0.08032006784809145 -0.844635825889865
17606193412500.000000 0.13303111463140713 0.5951231157754866 0.5160107248336888 0.10350438418360731 0.5188913993022507 0.0813784638703655 -0.8446396295480245
17606226987400.000000 0.13312732400996408 0.5948864689433944 0.5163475479973483 0.10186224224984342 0.5177979376854623 0.08175341897238513 -0.8454736884249219
17606259314800.000000 0.13304597285968237 0.5950667254852439 0.5162674174553783 0.1027484977785804 0.5173072841375614 0.08173021609154646 -0.8456690202201418
17606293396900.000000 0.1331488020723656 0.5953133128303137 0.516443786313142 0.10271461917399537 0.5168746089703458 0.08169023166760395 -0.8459415178721202
17606325398800.000000 0.13319644581301482 0.5949551867152432 0.5163158822280952 0.10275872069588494 0.5172892855241695 0.0817368726066302 -0.8456781444848429
17606358395300.000000 0.13325262393350285 0.5950286904604403 0.5164067284067988 0.10333455334352039 0.5177042998739169 0.08127312802137174 -0.845398667280103
17606391362400.000000 0.13335168597200703 0.5956017999328068 0.5166542545190063 0.10427392154916496 0.5174389943553181 0.08099416804510785 -0.8454725194516949
17606424679900.000000 0.13333619878152853 0.595397439656364 0.5167503997817069 0.1040004749723548 0.5173519963384153 0.08145481015562234 -0.8455151843655396
17606457279500.000000 0.13320251486561008 0.5952335353734344 0.5163612961680153 0.10546326827090745 0.5173556872205841 0.08199185016583185 -0.8452797929990515
17606491153500.000000 0.1331230120833898 0.5951770272367171 0.5163045750955825 0.10506284292334397 0.5172841567284542 0.08221445416855798 -0.8453518106447534
17606523370500.000000 0.13322228640462525 0.5950566895950912 0.5163404568768538 0.10493930065247284 0.5172944621904437 0.08236477586776149 -0.8453462168022774
17606556421700.000000 0.13335251808849896 0.5953525677337376 0.5165927098972438 0.1050896782398102 0.5171496822447341 0.08236401560963443 -0.8454161901775241
17606589328700.000000 0.13308046656772565 0.5947518490389947 0.5160563244591796 0.10637224888340838 0.5183567700966976 0.08274067762766514 -0.8444792382457491
17606622429200.000000 0.1332067507204139 0.595164140704801 0.5161810718067348 0.10654362350100408 0.5181710756506949 0.08229982094981228 -0.844614664874999
17606655810400.000000 0.13323661298017403 0.5953622593533802 0.5161629887959417 0.10692562273975162 0.5181157966248469 0.08213250231656566 -0.8446165902661018
17606689115900.000000 0.1331898921461976 0.5952286399407215 0.5163379103731959 0.10600407049657078 0.5182100714488282 0.08222887375183724 -0.8446655380733032
17606721325000.000000 0.13338030758455766 0.5951088198259655 0.5166466998902535 0.10488045806516852 0.5181488349829102 0.08188686626598582 -0.8448765681772871
17606754430400.000000 0.133454147605666 0.5951904716939371 0.5165413607664598 0.10492618445279091 0.5184905385914182 0.08133920902466171 -0.8447141470832616
17606787758500.000000 0.1335438248036747 0.5951225866523205 0.5165657794944258 0.10473870442621915 0.5190107892610877 0.0805811757047884 -0.8444905437882263
17606821166700.000000 0.13347402815470266 0.5950765621095616 0.5164137107764136 0.10480955898435608 0.5195003733288946 0.07996772399246568 -0.844238995531543
17606853331200.000000 0.13361169157700103 0.5952136277294245 0.5165733862044496 0.10464329155441539 0.5191149800465563 0.07988700128935954 -0.8445042842099233
17606886761700.000000 0.13364929752230378 0.5951939958076861 0.5165755053790635 0.10502543791907704 0.5188768470394235 0.08011264588650097 -0.8445818130680989
17606919592300.000000 0.13385988920072125 0.5956594050784825 0.5167717011187991 0.10494930959395211 0.5179853515264856 0.07976070047795451 -0.8451716090114493
17606952226100.000000 0.13379404068704198 0.5956239611643883 0.5166951811099186 0.10489459774270127 0.5179902076495071 0.07973725544931838 -0.8451776370899952
17606985743100.000000 0.13374484763380845 0.5952783215913999 0.5164254113279049 0.10500627194044757 0.5185270487875783 0.07954419581467467 -0.8448527110928922
17607018374600.000000 0.13366056466744985 0.5950486531674074 0.516260111447774 0.10526885708291873 0.5194888543115556 0.07949738324893223 -0.8442333587528367
17607051348300.000000 0.13390779377210868 0.5952784979839599 0.5165521116971183 0.10458591060968797 0.5195987603149934 0.07920083431444441 -0.8442784750453848
17607084518300.000000 0.1340214068804113 0.5956049534543817 0.5166987358868316 0.10438794536889215 0.519866598293477 0.07903420369238749 -0.8441537013406623
17607117405800.000000 0.13417391119507652 0.59545971607436 0.5168434760657168 0.10444188575785239 0.5199419536705285 0.07879088682321184 -0.8441233638907464
17607150505800.000000 0.1340419530401976 0.595000015668699 0.5166102533127526 0.10492001876104803 0.5205026728477582 0.07877846820377007 -0.8437195684402422
17607183390600.000000 0.13413938420287905 0.5951739733925882 0.5167595578624845 0.10568267071384944 0.5199522714558721 0.07885882637434512 -0.8439562157016962
17607218931500.000000 0.1338771380899355 0.5949714189396391 0.5163541341450485 0.10781140225588629 0.5202422004314834 0.07913970759515994 -0.8434818676863068
17607250381600.000000 0.13398609497455924 0.5950257358069457 0.5162575685415711 0.10896070124491349 0.519986922040169 0.07891962371007762 -0.8435122165593498
17607282494800.000000 0.13437674214397788 0.5955236766963341 0.51699421893896 0.10818124665429385 0.5190495204379371 0.07859572811651536 -0.8442198319912327
17607316273100.000000 0.13426890095199326 0.5952280138271117 0.5168287126125337 0.10859478081254186 0.51963653406291 0.07895543349187827 -0.8437719393114895
17607348301200.000000 0.13389858031577734 0.5948982078361212 0.5162191110731749 0.10945625115818991 0.5215709142943379 0.08002392792114461 -0.8423652897672335
17607382628600.000000 0.13423425679571777 0.5956089404911578 0.5167065907469701 0.10722965357048464 0.5222794879151178 0.08131854930328687 -0.8420886125803418
17607414636800.000000 0.13425738531991904 0.5954336574562242 0.5166351597042879 0.1047097500302668 0.5247211006507075 0.08454890041906156 -0.8405683304874368
17607448081800.000000 0.13401697865517054 0.5952180217738391 0.515797485611823 0.10358458203495775 0.5289364738489617 0.08839524032519898 -0.8376650419378382
17607480502700.000000 0.13416961351118215 0.5956268070731225 0.5161908661590695 0.09929242319524738 0.5321183462794873 0.09173983897650763 -0.8358079218297492
17607513340100.000000 0.1346730160927754 0.597178047402859 0.5169240099098573 0.09614363439175433 0.5351657259583177 0.09354976532724563 -0.8340278704771615
17607546359200.000000 0.13467505258378076 0.5965763034586195 0.5163470389831869 0.09445713522688658 0.5402045120697144 0.09552414697203764 -0.8307418805438401
17607579232500.000000 0.13488898692846069 0.5968457787975873 0.5166749689083606 0.09224423139961416 0.5442126890488513 0.09626196861426975 -0.8282856899948339
17607612343300.000000 0.13549273594313077 0.5971679255633917 0.5171021292147289 0.08874045481543916 0.5474241591714396 0.09569131918343209 -0.8266166542403595
17607646312700.000000 0.1351863266075235 0.5987096692438068 0.5179878122786024 0.08662768525829323 0.5497091196977514 0.09466871044019544 -0.8254413141656431
17607678948900.000000 0.13494235846475464 0.5986095737818221 0.5177439973920948 0.08609644746466553 0.5530385202153388 0.0946270223268743 -0.823274877266118
17607711288900.000000 0.1351514876536526 0.598840878176394 0.5181442908604795 0.08530614066960006 0.5551425100365841 0.09434549306121232 -0.8219723741424502
17607744719400.000000 0.1354122398667128 0.5987606155694166 0.5186030886036503 0.08419297269659212 0.5566621803714226 0.0935547172223391 -0.8211493622831921
17607781231900.000000 0.13551069631403992 0.5990051850151575 0.5184357276523124 0.08508904209626188 0.5580565472873177 0.0924963182581764 -0.8202299531555651
17607811124900.000000 0.1355867705972294 0.5994817239211102 0.5191270178266837 0.08421194005190923 0.5586191552087368 0.09190306514611857 -0.8200041556012501
17607843509300.000000 0.13567230345778947 0.5994868823268712 0.519007138141496 0.08457897444989747 0.5599102445269032 0.09165602346055386 -0.8191129888594281
17607876356400.000000 0.13559181644441165 0.5994973542340198 0.5190916296208283 0.08359023506125664 0.5612310039104047 0.09188202397186872 -0.8182848688097294
17607912151800.000000 0.1357954002378853 0.5992389265865365 0.5187644459637639 0.08314881208006 0.5632150881887519 0.09223333762130449 -0.8169259764002158
17607942546800.000000 0.13576984605665254 0.599671592547769 0.5191691924841356 0.08035617030815333 0.5645086308765649 0.09227002386714561 -0.8163082348321801
17607977430600.000000 0.13562278244383108 0.5997118350556879 0.5189706711550817 0.07946772018432718 0.5667428541826692 0.09288481063250335 -0.8147759389153262
17608009442200.000000 0.13636114760359033 0.5988242131506214 0.5182346852714108 0.07876425330612782 0.569446141343529 0.09352138445238617 -0.8128843922478785
17608044170800.000000 0.1365723855220761 0.598802727854181 0.5180092370636628 0.07747009664720436 0.5718515650002138 0.09367925548536184 -0.8113004183556097
17608076359400.000000 0.13656592957252758 0.5983057510311527 0.5174003166825448 0.07626103772855726 0.575105302301346 0.0936766867659267 -0.809112367811789
17608107937700.000000 0.13674577077134142 0.598068238298182 0.5170835798853026 0.07456847870091975 0.578071978059077 0.09273149681175964 -0.807262782287247
17608145624700.000000 0.13665863824509578 0.5980948093937233 0.5168256120603376 0.0733404652278214 0.581722925399732 0.09245258046200393 -0.8047807990940522
17608173341500.000000 0.1366069337995341 0.5989297364258814 0.5169210587716458 0.07093058908637483 0.5848762451527615 0.0919822140972029 -0.8027626683383098
17608206558000.000000 0.13649448341450038 0.5984877555650125 0.5163873804399857 0.06814375231278234 0.5892348959213142 0.09229522056252987 -0.7997751300901063
17608240053700.000000 0.1367764333746096 0.5990662514565067 0.516646432216222 0.06436784101473642 0.5921527324362753 0.09162021301053588 -0.7980085582744453
17608272583200.000000 0.1369571130841268 0.5988483366297614 0.5162026972188694 0.06062596881150061 0.5959637316181503 0.09022256942930226 -0.795620267757811
17608307000100.000000 0.13712710603435152 0.598916786200666 0.5162969336400506 0.056239991961086595 0.5989870998171315 0.08850496272607371 -0.793862953619663
17608341132800.000000 0.13682698105254862 0.5984913281071392 0.5151916552447451 0.05430867408007173 0.6035193760064885 0.08771013500796976 -0.7906464841642484
17608371363000.000000 0.1366429654330814 0.5988781527991518 0.514777967469577 0.05218484601610712 0.6070047037286055 0.08583102406298451 -0.7883242142709574
17608404291800.000000 0.13677309681131541 0.5976566121049766 0.5139283273721633 0.04969999832083418 0.6112209927763381 0.08504855740862638 -0.7853060238143652
17608437329600.000000 0.13678675923604672 0.5977170666755708 0.5135372517494632 0.04779616941091435 0.6143288564236802 0.08447408803626133 -0.7830579230205507
17608471020800.000000 0.13677586688279314 0.5977240749561319 0.5133898605904117 0.044667900686841996 0.617247084120007 0.08332894105658023 -0.7810679249437711
17608503459700.000000 0.1367010410403203 0.5976950755796127 0.5131891458787555 0.04298462967379739 0.6204203037319673 0.0812143902023063 -0.7788678906932854
17608536535900.000000 0.13679512181861095 0.5972556124432281 0.512734440081481 0.04187399231619571 0.6237261533161584 0.07962318417802364 -0.7764485836024712
17608569383500.000000 0.13687170134197796 0.5976258541968318 0.512989477664877 0.03977032832110498 0.6265705235022844 0.07846436912576993 -0.7743842991958191
17608602482100.000000 0.13667556368300307 0.5982464751952732 0.5129758177494599 0.039257258402697184 0.6297520346885623 0.0777731700698229 -0.7718954440114347
17608635292200.000000 0.13673957853923296 0.5982961545087891 0.5126799371546211 0.03823445674236288 0.6331941733761306 0.07738515098491255 -0.7691650040967657
17608668260300.000000 0.13686125654155135 0.5974866876720116 0.5116846325358756 0.038212019893065816 0.6369151881423833 0.07720822875077829 -0.7661055893689929
17608701456000.000000 0.13711529741815473 0.5971804380506467 0.5113229045252423 0.03860546518678371 0.6396053003258205 0.07535730113746347 -0.7640261481245958
17608734334600.000000 0.13708278910257543 0.5981868554337069 0.5116976436757706 0.038645604045712614 0.6410033000889156 0.0720452488212501 -0.7631715198337433
17608767400300.000000 0.13779467616260568 0.5974579257509318 0.511547638748929 0.0388889153334582 0.6433902215953082 0.06983976374776962 -0.7613534543294482
17608800733100.000000 0.13743169331268743 0.5977777151180383 0.5114158441774196 0.03814062271985112 0.6464464639995376 0.06814033671507609 -0.7589526708520056
17608833390100.000000 0.13801563021486687 0.5979244900373604 0.5114194452040578 0.03751776546864999 0.6492584594469029 0.0673987105100324 -0.7566460757398129
17608866437800.000000 0.13824268382930124 0.5971239214132008 0.5107119814546958 0.037211708828582185 0.6528944669655653 0.06662472049564729 -0.7535948847694524
17608899783000.000000 0.13799626672436985 0.598158177628436 0.5118343513830508 0.03508600246655169 0.6543122513124453 0.06471260491562879 -0.7526331968352117
17608932263600.000000 0.1385739375276419 0.5972225279534135 0.5111616856690149 0.03513540411902879 0.6575812862916398 0.06498639131653008 -0.7497527087247368
17608965278100.000000 0.13881610959788473 0.5995620908669669 0.5127773769832686 0.03169170810989924 0.658031595828372 0.06485890499822249 -0.7495220990545073
17608998284600.000000 0.1388777616339378 0.5995824837412017 0.5128132434943524 0.029549249070016985 0.6610088470886567 0.06646115582828656 -0.7468447366862079
17609031331500.000000 0.13910524390861312 0.5996775207743213 0.5128638736274577 0.028474186729703074 0.6641983426670764 0.0672070508679202 -0.7439845392224409
17609064384800.000000 0.13934283059195804 0.599480753419009 0.5128603157416687 0.027302384535554163 0.6674120034140032 0.06666462882376287 -0.7411960771357128
17609097554100.000000 0.139607070711405 0.5993461483537259 0.5125003499025488 0.02650292362581877 0.6706850409441419 0.06431273341386062 -0.7384734546440219
17609130497200.000000 0.13984802480044983 0.5992952364741271 0.5124728430697241 0.025773607701495505 0.6738126156454025 0.0631276822310833 -0.7357493974712327
17609163460200.000000 0.1405486821801983 0.5998926500014639 0.5139197703582746 0.023405990101682234 0.6759437042272443 0.062481926772663746 -0.7339266156569656
17609196261500.000000 0.14102956163777078 0.5996402278424263 0.5141720853794735 0.023138537680940652 0.6791347932620102 0.062179757606152575 -0.7310090412566691
17609229390600.000000 0.1414950131873845 0.5999945879843356 0.5144405170153526 0.02317807571657724 0.6817941951638036 0.06122943234558166 -0.7286085429513272
17609262285100.000000 0.1409257716449435 0.5999532662931564 0.5142237293861275 0.023263215522714202 0.6851391199087926 0.061296602211425896 -0.7254556745463384
17609297192300.000000 0.14116029091933927 0.6004344016344664 0.5146223559069741 0.022022352340203912 0.6873820052392932 0.062028519451957004 -0.7233073051236318
17609328267000.000000 0.14176496752319426 0.600272157035414 0.514943800488044 0.020984470785866596 0.6896679423905377 0.06258424687563906 -0.7211109437996683
17609361261600.000000 0.1413331411985925 0.6004791896868352 0.5146466718632174 0.020859118244109656 0.6925417237927987 0.06332848678433113 -0.7182898862950696
17609394294900.000000 0.14134959615420123 0.6015343013210583 0.5157227738559973 0.019984495489208148 0.6942066143557475 0.06359984972581968 -0.7166818371073914
17609427293900.000000 0.14115298997295286 0.6009597363028891 0.5151960654641677 0.020144404681749273 0.6971446834964276 0.06464761319356498 -0.7137255630430083
17609460352400.000000 0.14185043407767664 0.6013306604743112 0.5154574593494968 0.020528283442090334 0.6980279000334676 0.0647226590392403 -0.7128440346672468
17609494000300.000000 0.1420791699158817 0.6015627324162777 0.5157857827536105 0.02001600674647539 0.6984689359309948 0.06515780674596605 -0.7123868087165878
17609526534100.000000 0.14263778400287896 0.6016553826519878 0.516243023281027 0.01992525303662137 0.6992902945469619 0.0679307324804985 -0.7113237545791037
17609559234900.000000 0.1425515977159807 0.601698298338322 0.5160919508490228 0.02041448151644854 0.701065161712718 0.07158980677418876 -0.7092008090401261
17609592413700.000000 0.14246758902405474 0.601919777531909 0.5159508325546551 0.021796367960662363 0.7028233227118467 0.0741947610163964 -0.7071488052975292
17609625718200.000000 0.14260870147817664 0.6016494685894556 0.51561669846857 0.02251364488546528 0.7049558990982675 0.07610115054767269 -0.7047970849867676
17609658470900.000000 0.14267373795646449 0.6018141717381307 0.5154968426918173 0.02146822065771989 0.7069655476296787 0.07619123892630732 -0.7028041868666793
17609694027300.000000 0.1428533095808685 0.601847360876095 0.5154068806547748 0.019179508662716283 0.7095241847658411 0.07383262889250009 -0.7005400206916431
17609724859200.000000 0.14304098944406862 0.6014179535152431 0.5152041291202512 0.01550687803333365 0.7136244235071844 0.07108737123450808 -0.6967397681765162
17609757388000.000000 0.1431224574371946 0.6014128553645788 0.5148665188832635 0.011776632570902664 0.7189796222167988 0.06782305126961587 -0.6916137993698206
17609790675200.000000 0.1437291062976507 0.6008468403391833 0.5149484529018838 0.008650780444639813 0.7248934692963123 0.06531036653711855 -0.6857034185360624
17609823319500.000000 0.14400253686180847 0.6006247946111102 0.5147077479874904 0.007678951558579276 0.7311109508213528 0.0623827907771905 -0.6793571952271558
17609856279200.000000 0.1445533515653432 0.6001166857553533 0.5143530493114934 0.006658231056086816 0.7367931982399655 0.060464465784687615 -0.6733761945331146
17609889894000.000000 0.14536886952489825 0.5994032074788552 0.5151862810140418 0.0040609697211328975 0.7411267236679923 0.05881075403065823 -0.668771996423607
17609922259300.000000 0.14495184062105415 0.600340631935325 0.5145393710047481 0.0017629432924766188 0.745891021622399 0.053964116413498436 -0.6638760050143038
17609956438900.000000 0.14509149987211878 0.600363182049136 0.5147301499127993 -0.0007928906967486771 0.7509497323870205 0.05206560115039904 -0.6583031550350136
17609988455000.000000 0.14640261206255542 0.6003721043118381 0.5152141301052795 -0.0028797433876216506 0.7561934142566292 0.05184400078943249 -0.6522847743854434
17610021312200.000000 0.1459187966326451 0.6007678372268919 0.5149150065770294 -0.00251965315156448 0.7621876846095451 0.051477579674466284 -0.6453012037555761
17610054245600.000000 0.14626413962522594 0.6001528704649894 0.5149053184781086 -0.0034134490834262015 0.7674451154286748 0.05318767759697836 -0.6388954641581538
17610087775000.000000 0.14598344565380603 0.6004983476363192 0.5147864324734235 -0.0032170605513674837 0.7711218591773423 0.05283900484392094 -0.6344830717894623
17610120168200.000000 0.14562236296511563 0.6011264353488234 0.5147752155178319 -0.003973824518242045 0.7732953170581435 0.04993925201741687 -0.6320637882702856
17610153260400.000000 0.14604234174595263 0.6008283022716238 0.5149507027918396 -0.004969874255352902 0.7757765347344764 0.048111317270008454 -0.6291513090313
17610186212600.000000 0.1453660900806969 0.600259748981834 0.514372289907002 -0.005834601139287251 0.7793511103319088 0.046444781782423485 -0.6248365278207968
17610219277800.000000 0.14558396616662234 0.6007681159511877 0.5152287793959582 -0.008889980703299336 0.7815566984943207 0.04401863103471367 -0.6222157627411748
17610252313500.000000 0.14570025486108576 0.6013751226127791 0.5169780941610531 -0.0122764902562863 0.783295836137725 0.04231315133405559 -0.6200858957438646
17610285482300.000000 0.14556022722857512 0.6014836922881728 0.5172299941090409 -0.014245669437294918 0.7865887943484858 0.041175551523863464 -0.6159380678805172
17610318451500.000000 0.1453722522625247 0.6016883722110014 0.5172455532871234 -0.015216062449748022 0.7902628375751404 0.03942196939559718 -0.6113092730526711
17610351280000.000000 0.14521501211598958 0.6018913326637648 0.5177108644420783 -0.015960620843979652 0.7937211920047089 0.03784395731910341 -0.606893535011973
17610384586700.000000 0.14496574369397833 0.6026093254708683 0.5181449878679198 -0.017241216919630525 0.7967585562989162 0.0366646535210935 -0.6029380122249508
17610417311500.000000 0.14533542024178073 0.6023177081691427 0.5192075576063134 -0.019538184891120476 0.7993175077034007 0.03605009609809571 -0.5995082749898474
17610450345100.000000 0.14522677521412022 0.602768970641983 0.5198690372949357 -0.021996906185020905 0.8019310668078674 0.03433442688286308 -0.5960233614023099
17610483254700.000000 0.14499363352410768 0.6027568116423866 0.5203748644372331 -0.023941788601538536 0.8049624094607916 0.03256623444183017 -0.5919474220637471
17610516546900.000000 0.1447688370645115 0.6030603703136203 0.5205024184813251 -0.024596655518832222 0.8079888546877604 0.029265472869028128 -0.587956246106291
17610549256300.000000 0.14540992917423315 0.6032295890385511 0.5219034382728683 -0.02579541993990525 0.8101544511912875 0.026993055378213518 -0.5850262699113746
17610582257100.000000 0.14497726550459095 0.603617285727022 0.5221173063530008 -0.025806850118768907 0.8128334819222749 0.023944383364557068 -0.5814313404507444
17610615270300.000000 0.14465590817719662 0.6036999075896216 0.5221686838331014 -0.025974347762717818 0.8157398042786052 0.02056504074506119 -0.5774694659226222
17610648285500.000000 0.1446986812137934 0.6035091938244175 0.5226760365712196 -0.02639114906307334 0.8185260918145782 0.01893910042588945 -0.5735502198979104
17610681288200.000000 0.1448170285040861 0.6041353956562946 0.5228623014475038 -0.027564248395306933 0.8210398316833118 0.01709817096698457 -0.56994864641424
17610714346500.000000 0.14499806207475363 0.6042614289598917 0.5237216605997705 -0.028491143541638318 0.823212956218179 0.016370051391249755 -0.5667810025677149
17610747259800.000000 0.14499498949765388 0.6044507071615749 0.524010177464305 -0.02883635718085771 0.8255755328116692 0.015054025409383803 -0.5633532465924379
17610780299400.000000 0.14537274225229532 0.6038350989212559 0.5249625404948431 -0.029480788097888032 0.8278084179145787 0.014565965249538872 -0.5600463722043368
17610813379600.000000 0.14517055354817546 0.604486822892916 0.5253500303122854 -0.03022326291192301 0.8299357435479422 0.012700666678644099 -0.5568948814869814
17610846481900.000000 0.14474503310883444 0.6047894754967027 0.5249526637173065 -0.030852418876109577 0.8331213256677265 0.010832379536935057 -0.5521228527426764
17610879860000.000000 0.1450658157920649 0.6044012994413183 0.5255758682920979 -0.03205811321188634 0.8357323097237106 0.009586756815277294 -0.5481166645477317
17610912323500.000000 0.1452682743201929 0.6041655770295369 0.525453747292996 -0.03358424948199622 0.8389744174626406 0.007242350967784084 -0.5430852358354197
17610945234600.000000 0.1460747749787572 0.6045524118694061 0.5260623233392089 -0.03680366204432356 0.8418654696287814 0.0055428553534752345 -0.53840254295589
17610979422900.000000 0.14631836564680148 0.6042717667684513 0.5260237904660541 -0.038927809588414186 0.8457586428238045 0.004565040634239821 -0.5321241435355966
17611012091500.000000 0.1465749621906886 0.604120969910603 0.526278629930052 -0.042178313951586215 0.8496123571906945 0.0037699666067129993 -0.525704878893907
17611047211900.000000 0.14668209010866085 0.6040437449492944 0.5262658513586679 -0.04537173983059588 0.8536784700550969 0.0025834091845414464 -0.5188138403956846
17611077576600.000000 0.14677048247476338 0.6040151186153672 0.526266457634078 -0.04903206058008048 0.8576064766339456 0.00026689430911161494 -0.5119637848893306
17611110902800.000000 0.14723741857693814 0.6041220778846247 0.5260370996813037 -0.05341729543952311 0.8616906499127094 -0.0027376198814015873 -0.5046070965001623
17611143378200.000000 0.14783553701380092 0.6037438738334886 0.5261118261938074 -0.05829594023042745 0.8660473054459542 -0.003700010048425295 -0.49653797237280267
17611177454500.000000 0.14826472591411832 0.6037092630227924 0.526166738121736 -0.06197449449657379 0.8701243451760543 -0.0051414494525828525 -0.4888929856945827
17611209285400.000000 0.14860899005043154 0.6033942356558484 0.5260993795662061 -0.06454968304366794 0.8739951736057416 -0.007224258018741992 -0.4815740701376169
17611242562100.000000 0.14889146730457653 0.6033437437119311 0.5259041863596529 -0.06816169803607136 0.8770809920255679 -0.00912558726303875 -0.47539419433286084
17611279140900.000000 0.14922562934758718 0.6034749399812601 0.5256091183252591 -0.07169552221404976 0.8799429326739882 -0.010898309026335458 -0.4695118892977285
17611309678000.000000 0.14980720017470806 0.6033028182251272 0.5258565527871988 -0.07584058400133914 0.8823543811825125 -0.012349909339734483 -0.46426978317101564
17611341942500.000000 0.14987970216458768 0.6031667499710954 0.525851687186883 -0.08073447669626338 0.8851288145149626 -0.014113281397512362 -0.45807176432968677
17611376060200.000000 0.15023947484577024 0.6030308249937255 0.5256439436574126 -0.08503954851115317 0.8883911638150418 -0.016494715048747027 -0.45084070315338165
17611407851100.000000 0.1502653684298636 0.6035725508204642 0.5257923548479991 -0.08934624870145315 0.8912084197571515 -0.02035435031850283 -0.44424148930514235
17611441129700.000000 0.15061605604839626 0.6034426453911121 0.5258326344896044 -0.09294937046665024 0.8944582495585524 -0.02373517340601139 -0.436739620219978
17611474228400.000000 0.15082336099456148 0.6034381927964313 0.5260583982708219 -0.09584159200012296 0.897386911306259 -0.027166138376309157 -0.4298524416410982
17611506483700.000000 0.15103578832200756 0.6035711664107928 0.5261801556337135 -0.09883850733023815 0.9001783294196644 -0.03128055405723804 -0.42300289792130846
17611539806000.000000 0.15121085660617417 0.6037716086331968 0.5262141717010298 -0.10081979493201484 0.9029788056468011 -0.035005669592262124 -0.41622019244498537
17611572230900.000000 0.1508944104845267 0.6038963749122737 0.5261791752469342 -0.10337357215786683 0.905922982403798 -0.03727093560592561 -0.4089356084898808
17611605483000.000000 0.15118052777213306 0.6035787811743394 0.5265186421425211 -0.10616104456197162 0.9088489301106331 -0.0390547219481297 -0.4014949358931231
17611638400300.000000 0.15076621116257902 0.60403250764824 0.5262471367627125 -0.10798115221750322 0.9116206979743171 -0.04236094402544446 -0.39432641835397275
17611671271000.000000 0.15054313024702104 0.6043212145940321 0.5266666335381993 -0.11036767371825741 0.9140155047920295 -0.04509547881150494 -0.387764144021276
17611705313800.000000 0.15069341192351063 0.604056401544929 0.5275816015689463 -0.11152199921142923 0.9165898935956255 -0.046402541430892064 -0.3811464479684948
17611737552200.000000 0.15018271362645236 0.6049528136286074 0.5275302438514712 -0.11261671807529226 0.9188097035519315 -0.04919955225144405 -0.37508080133088567
17611770306500.000000 0.15043017748338527 0.6049462753600314 0.5283340559368558 -0.11368454423216313 0.9207929118452116 -0.05050862915721699 -0.3696824533014793
17611803200600.000000 0.1503646030861667 0.6048451568762759 0.5285088536098874 -0.11400312485523853 0.9230463420806572 -0.05113392452842008 -0.3638324609721913
17611836333100.000000 0.1501786491177369 0.6050117082230246 0.5288870134027712 -0.11399431254371348 0.924713316410581 -0.05227573068129898 -0.3594131705187879
17611869196800.000000 0.14974722134228263 0.6054772548097769 0.5293881589936863 -0.11457416046988218 0.9258620249199325 -0.05400508085639175 -0.35599961208613523
17611902223000.000000 0.14933445921868255 0.6059329224312604 0.5296575766639453 -0.11413100077152094 0.9270672815157923 -0.055663358013832785 -0.35273497243742913
17611935509400.000000 0.14927954221326364 0.6057044060479978 0.530306624511233 -0.11400258145366317 0.9282594097445589 -0.05716050483667479 -0.34938597042440134
17611968309200.000000 0.14884535272759558 0.6058022263953307 0.5306683008134188 -0.11448028029137744 0.9293466852005756 -0.05923833845218937 -0.3459766226040914
17612001353900.000000 0.1485505948812874 0.6058737917433599 0.5308069551960315 -0.11424293648653894 0.9307304406743776 -0.060941457528101636 -0.34201686657146296
17612034166000.000000 0.14822046988546736 0.6065569650218682 0.5315814795650101 -0.11502087139879906 0.9316029963515033 -0.06210835074825228 -0.3391586783481944
17612067405900.000000 0.1479517004195414 0.606099520394796 0.5315135020883445 -0.11510994054367844 0.9334518538539711 -0.06256513569456451 -0.3339205622900992
17612099968600.000000 0.1474618121975176 0.6070380214284906 0.5319126162372676 -0.11755051382529821 0.9339953632010104 -0.06581685505105431 -0.3309118913088642
17612132952400.000000 0.1473794263051157 0.6068974124885191 0.5323268602435648 -0.11868431972021848 0.9350667858026844 -0.06918110078016793 -0.3267692054585774
17612165985500.000000 0.14721544468214307 0.606967880583126 0.5326942629054746 -0.11978032439630518 0.9359529596119389 -0.07333323493195888 -0.3229039608545896
17612198799300.000000 0.14692774994670194 0.6071693113188084 0.5323510214767041 -0.12066965906957228 0.9370313077815708 -0.07681217246079092 -0.3186079907645857
17612232002900.000000 0.1466783406354649 0.6070032777954332 0.5329673920309603 -0.1213428402108708 0.9378971841230129 -0.0777845450787504 -0.31555403925567843
17612265105000.000000 0.1469909556677547 0.606846848008267 0.5329202039149235 -0.12196840619972925 0.9391220361834974 -0.07888196760612179 -0.311369786957962
17612298159900.000000 0.1472765323715772 0.6065805752842816 0.5333743257868486 -0.12302227547693215 0.9401505779571673 -0.07846016256536278 -0.30793897673646176
17612331086500.000000 0.1473774072712195 0.6065744288588085 0.5333513916345853 -0.12443467716792653 0.9414596490787116 -0.07840671348514913 -0.30335149176353315
17612364073600.000000 0.14742305058767433 0.6064600714149518 0.5334631532292975 -0.12652843799689067 0.9429090826713592 -0.07831791353623307 -0.29795858875564263
17612397057800.000000 0.14746597569317998 0.6064828659908045 0.533473514702159 -0.1299162725689329 0.9444989180750263 -0.07842494127544705 -0.29136417841396073
17612430045300.000000 0.1476141258490407 0.6064243328866812 0.5336043985691169 -0.13310188564498612 0.946277366543191 -0.07814295129548247 -0.28414206441261813
17612463040400.000000 0.1480703106865684 0.6063764705946227 0.5333960245013337 -0.13584301647044397 0.9483456501516633 -0.07902770650341562 -0.27557544215593677
17612496480800.000000 0.14850967926466652 0.6061688468066684 0.5333443061115298 -0.13843551376311408 0.9503375028605626 -0.08059522153165294 -0.26683075057451033
17612528996000.000000 0.14906724613396183 0.6057370282193169 0.5335021795242677 -0.14073977880869099 0.9521011533618333 -0.08333441673639126 -0.25836231036115365
17612562197100.000000 0.14964978421743058 0.6054928019379245 0.5335243843430677 -0.1425917442424824 0.9538785301684498 -0.08652055052070057 -0.24959474853281505
17612595030700.000000 0.15029039182392884 0.6051435220881294 0.533578606112513 -0.14245747811806933 0.9560109306248445 -0.08798706551235441 -0.24084693013734504
17612628074200.000000 0.15099432472396396 0.6049629786887041 0.5334485737042252 -0.14295391047747133 0.9580624570293272 -0.0886759081011378 -0.23198510993718183
17612661034000.000000 0.15112828654331062 0.6054382500885664 0.5331380462396265 -0.14624538100903592 0.9588931921842335 -0.09072989353548046 -0.22561963774302282
17612694736100.000000 0.1511567691254349 0.6051379158112264 0.5327918569571727 -0.15114131500973627 0.959588976141168 -0.09283818619545936 -0.21846366047791582
17612726991900.000000 0.15167386268933727 0.6055166559121711 0.5327884354151385 -0.15558169404677138 0.96003509513315 -0.09716122207899552 -0.21139216994566412
17612769665800.000000 0.15163438372274946 0.6052222523719939 0.5328730402088243 -0.15929441071742406 0.9613501673354192 -0.09805848526098834 -0.20202890869049095
17612798072900.000000 0.15237067118195355 0.6051736936517462 0.5323504706476605 -0.16055797116446519 0.9630619544177137 -0.10088289383469992 -0.19119480008677264
17612828454600.000000 0.15246088072026218 0.6053048967166845 0.532086856012897 -0.1625687336938944 0.9641818753433389 -0.10289088969139093 -0.18258746644575533
17612859280800.000000 0.15296516370371233 0.6052813313063803 0.5313345138963153 -0.16383107336425373 0.9653665750572253 -0.10498725772266392 -0.17379421992251076
17612892692100.000000 0.153129823209541 0.6053042948326898 0.5313459305331026 -0.16587912308665154 0.9660320847254724 -0.10606993065761391 -0.16737770943363459
17612925084400.000000 0.152530050743956 0.6063364544659209 0.5322779219132869 -0.17097137789516711 0.9657431460233757 -0.10709920914839396 -0.1632137348671657
17612958204100.000000 0.15251948235511223 0.6064515705554715 0.5323126462961573 -0.17264084701785784 0.966343683290562 -0.10832320315131633 -0.15697486220546664
17612991351600.000000 0.15261604765420556 0.6063044009183202 0.532388950276297 -0.17298839039347355 0.966970740409476 -0.11091112660825206 -0.15080227443746783
17613025199800.000000 0.15265816488401654 0.6063876022246858 0.5326249769285908 -0.17495490339161696 0.9670306506756994 -0.11433427392730912 -0.1454997465237609
17613057059900.000000 0.1526879987861173 0.6060998035744227 0.5326831752607789 -0.17565273986542254 0.967381313379536 -0.11644225165252123 -0.14057279798006772
17613090749400.000000 0.1527510512864012 0.6060604017966561 0.5329673754129038 -0.17678787136304988 0.9676876286127913 -0.11768006656459162 -0.13593418959933326
17613123015300.000000 0.1524916806334696 0.6060726414738516 0.533369019087525 -0.17790973421734116 0.9680308688680631 -0.11809802358521822 -0.13159490953119343
17613156445600.000000 0.15194002874744691 0.6063181137423449 0.533385056318056 -0.17885936976577332 0.9683272427678985 -0.11913510241076569 -0.12711610493594566
17613189020200.000000 0.15203069610736553 0.606067518267265 0.5340721410066434 -0.1789490818108119 0.9687860003179484 -0.1203449281708895 -0.12226205450000838
17613222271700.000000 0.15186151221167327 0.6062221071777745 0.5343750037855824 -0.17876420731334702 0.9691720178918917 -0.12176724091361875 -0.1179902409493016
17613255311600.000000 0.15141452881858963 0.6060677984758818 0.5344881170954195 -0.17868299068953306 0.9696259855279443 -0.12194079936168195 -0.1141414844753702
17613288564200.000000 0.15061070279139563 0.6064392664042216 0.535086890728729 -0.18010608184645785 0.9696677875596885 -0.12176044649149745 -0.1117164926105676
17613321306000.000000 0.15022050114545143 0.6065777882400313 0.5353545191075346 -0.1800494353174642 0.970055488442413 -0.12208060957876343 -0.108031823781196
17613353997700.000000 0.14938908446467208 0.6069289126848733 0.5357455632271461 -0.18121111284025196 0.9700432086788909 -0.12292539859877966 -0.10520481100448914
17613387068600.000000 0.14886658583883075 0.6071045130879542 0.5359932520594077 -0.18195970996674254 0.9700365183098879 -0.12437540065593243 -0.10222806271139848
17613420015600.000000 0.14809506268124675 0.6076665669916979 0.5360368420397448 -0.18361092621160657 0.9696865212818608 -0.1262783290827688 -0.10024401141246975
17613452997500.000000 0.147342731454301 0.6076874230906557 0.5360834805460951 -0.18438079226270368 0.9695765532138876 -0.12744664057978455 -0.09839910928144886
17613486378700.000000 0.14675796242396272 0.6077217501097532 0.5363490556090199 -0.1845598775581756 0.9695805376271668 -0.12845168062005394 -0.0967026286933767
17613519055300.000000 0.14637520539343132 0.6078706714335134 0.5360966314243605 -0.18444611539921374 0.9696672583941474 -0.12988882610072658 -0.09409533126937343
17613552167500.000000 0.1453572606591715 0.608333793467976 0.5365936968161741 -0.18524448530863424 0.969524527582227 -0.13034715977770792 -0.09336106799455285
17613585007800.000000 0.14499742806518748 0.6087224191602113 0.5361695559778671 -0.18512054101774633 0.9696797524208888 -0.13183463619670593 -0.08983981153777504
17613617943700.000000 0.1447901281085003 0.6085793071893418 0.5369243428855035 -0.1859339977736492 0.9698145444375491 -0.13248756552769272 -0.08564661610269893
17613651090200.000000 0.1436582245484794 0.6093298696815641 0.5375349693870227 -0.18818312751742503 0.9694755732682263 -0.13348431130415692 -0.0829829017910292
17613683960200.000000 0.14342032817085598 0.6098716718228763 0.5379587402641925 -0.18996760451308362 0.9692128494005955 -0.13549489014315902 -0.07861231797519092
17613716974400.000000 0.1437329090209634 0.6090624627892576 0.5374685646833802 -0.18923115108492086 0.9698045456468498 -0.13606591521384784 -0.07181073331195838
17613749902800.000000 0.1431732980749091 0.6086057680432982 0.539190774769658 -0.19267498104333297 0.9696170384705671 -0.13444107726540183 -0.06815238169892864
17613782852600.000000 0.1431180956019961 0.6086439286637905 0.5393276533585649 -0.19405855980036874 0.9696068578802444 -0.13536205462296075 -0.06229711620979778
17613815904700.000000 0.14312976606018082 0.6085514399816685 0.5394036066393605 -0.1957402327479534 0.9695328246443626 -0.1363172402001805 -0.055762650987079276
17613849064300.000000 0.14327807766646583 0.6086382435465467 0.5395673024372124 -0.19727846285987252 0.9693240352127757 -0.13798447502578962 -0.049521788157585796
17613881778600.000000 0.14338911755084036 0.6085327918507135 0.5398652962020886 -0.19904655681463526 0.9690503182406369 -0.13934956053687358 -0.043630825297475195
17613914904900.000000 0.1431831376825099 0.6085892164659165 0.5397008511107482 -0.2020623958327525 0.968513638563404 -0.14044145387640541 -0.03779309646067237
17613947819100.000000 0.14339579610029307 0.608504110911179 0.5398133269913837 -0.2035658959211608 0.9683093523247503 -0.1410859349480041 -0.03213538825166651
17613980959300.000000 0.14353646678309212 0.6085392572669567 0.53975012528685 -0.20545435722359878 0.968131044989203 -0.14080722619794736 -0.0261555324241719
17614013775500.000000 0.14350070790552058 0.6086269230192761 0.5396835779524893 -0.20745962463153625 0.9678787534451488 -0.1405753531046788 -0.02024334153992297
17614046743100.000000 0.14448857598499115 0.6085975428865461 0.5396723176658599 -0.20800422518184314 0.9676333322376667 -0.14227236403973803 -0.013362300687932482
17614079887400.000000 0.14498730648053545 0.6082613465090607 0.5398394992117138 -0.20961503053825387 0.9673336919300507 -0.1424344758862127 -0.00628390869162554
17614113164900.000000 0.1451151182694424 0.6082414940578089 0.5398747471105151 -0.21202067879056863 0.9667150125248429 -0.14321060233960503 -0.0001992531229810801
17614145760800.000000 0.14494456679950646 0.608727365328998 0.5394358993956586 -0.21572753895938765 0.9656252699326159 -0.1448888436161688 0.006057226895044177
17614178806400.000000 0.1451863483404538 0.6087673726311547 0.5392780809001404 -0.21929361341576906 0.964486650150362 -0.1465642281552077 0.01395492106952767
17614211889900.000000 0.1451220201677081 0.6088377742368437 0.539589764715384 -0.22268314354182928 0.963329864257013 -0.14824284729038745 0.02078096340723773
17614245819400.000000 0.14528711859651766 0.6087005709717784 0.5395504165418025 -0.22601610670666808 0.9620730756363766 -0.14996625289083118 0.02902136520920962
17614277661500.000000 0.14586597141415247 0.6088267724267288 0.5394463440472366 -0.22789872543275852 0.960826302656079 -0.15317927874335388 0.03756455289283766
17614311090700.000000 0.14557873564342236 0.6089678179646562 0.5393867072093229 -0.23045907236998148 0.9596470794783457 -0.15494726330791586 0.04424301531809194
17614343811900.000000 0.1450471432976491 0.6093855969786615 0.5393021302045469 -0.23302635170611458 0.9584129356646971 -0.15693501981310587 0.05014741984764043
17614376853900.000000 0.14505898434380837 0.609300397346628 0.5395088804565215 -0.23427577379018397 0.957435972756252 -0.15873477595692081 0.056872583809830346
17614409780500.000000 0.1446161989929977 0.6094510090398874 0.5395780277487281 -0.23658002139307457 0.9562444844753469 -0.16021965570432814 0.06289706920133177
17614442727400.000000 0.14453237070450495 0.6093548592129098 0.5396737397667949 -0.2385561406613356 0.9550484905918875 -0.16160861933997406 0.06968502368482038
17614483991900.000000 0.1441434917583764 0.6093800996053401 0.5398838036675986 -0.24040449391543825 0.9539613314428353 -0.1627206673440012 0.07540186891714186
17614514431200.000000 0.1440433452869437 0.609351123349325 0.5402467755145778 -0.2413351406687877 0.9528952023323572 -0.16497964961681852 0.08080716838662416
17614545829000.000000 0.14352280183879157 0.6095920756412199 0.5397437922033758 -0.24180736890383672 0.9520712194905178 -0.1671403952337532 0.08457941618826127
17614576309400.000000 0.14310118446426695 0.6092876764647867 0.5401610544219264 -0.2420291728000996 0.9515251012648454 -0.16815754274842898 0.08800512481347655
17614607851500.000000 0.14292716663787433 0.6092313378398775 0.5400447771483555 -0.24134075458570609 0.9510869543421512 -0.1695454970188729 0.09188345823267857
17614640677300.000000 0.14288296750716525 0.6092706473347888 0.5401448883224492 -0.239791176874077 0.9509836761243179 -0.17068533462119084 0.09485122974255872
17614673728200.000000 0.1426647212036616 0.6093596638620946 0.5400196956685426 -0.23998052175729648 0.9503705752871299 -0.17102140095116108 0.09978376231736232
17614706675400.000000 0.14290440369180163 0.6092660958292087 0.5404955570235823 -0.23912627325062014 0.9496848188552137 -0.17254073020229432 0.10557966991077823
17614739678200.000000 0.14291028762176228 0.6092929539550229 0.5406299613238279 -0.23888627419606825 0.9487282125230934 -0.17447353039226174 0.11138722528152734
17614773417200.000000 0.14294444558221917 0.6092669755181748 0.5407433680382551 -0.23802268364158738 0.947908691604091 -0.17693749843911016 0.11622149585849967
17614806628300.000000 0.14314431868857294 0.6091791425551688 0.5413919402806935 -0.23675044060782977 0.9472743580997732 -0.1799851503191522 0.11927223072976095
17614839975500.000000 0.14300305471182218 0.6091583645065203 0.5411904033261168 -0.2358027825367521 0.9466788230804384 -0.18214712033536634 0.12255072514063314
17614871566900.000000 0.14310697888419754 0.609328945788502 0.5413227480085437 -0.23328944788151054 0.9462237598141084 -0.18567138254702456 0.12554986090581338
17614906710900.000000 0.13798989916931198 0.6096606797476587 0.5409731652426919 -0.23845501573659478 0.9458906809278324 -0.18145499766499099 0.12451549713324962
17614937585300.000000 0.13768422550368845 0.6096189119753891 0.5411973476451637 -0.23747159124335648 0.9451376390308786 -0.18389827071238238 0.12846599810253445
17614970501100.000000 0.1369985605301102 0.6095859238495587 0.5411601182546558 -0.23821118084043688 0.9441714358258567 -0.18509954048819297 0.13241560785724915
17615003504500.000000 0.13680737079286476 0.6094814264421776 0.5415717046579551 -0.23860981208610682 0.943162142979377 -0.18656863790291292 0.13675771633744824
17615037224700.000000 0.1366017708504064 0.6097353813414947 0.5416727143368056 -0.23920458446011045 0.9420297212132587 -0.1881634535811807 0.14126459521245563
17615069266200.000000 0.1360829856851766 0.609828124129211 0.5415268071220792 -0.24128547468073328 0.940611254230411 -0.1887689468676632 0.1462808012750118
17615102550600.000000 0.13579673028776035 0.609735921392037 0.5420074422133095 -0.2431061014363946 0.9389067004381491 -0.19014189502511042 0.15231444801135968
17615135418600.000000 0.13554388669748113 0.6100396700111735 0.5418869304284366 -0.24525989566206943 0.9369646253260745 -0.1916754471704327 0.15876207802688394
17615168445400.000000 0.13563422865707617 0.6104726196019531 0.5419326693807238 -0.2463349714245598 0.9349959775489844 -0.19379905138553563 0.1659624400355297
17615201323200.000000 0.13544626036196628 0.6105568244926889 0.5420516038439819 -0.24763168994028223 0.9330258694836359 -0.19525456321384632 0.17325394239611214
17615234692300.000000 0.1356559826182323 0.6106405037103345 0.5426299695206431 -0.2490796244290832 0.9306836682016115 -0.19763694041054536 0.18090574955544733
17615269919200.000000 0.1353548263685382 0.6105907010997286 0.5425072793358655 -0.25155900258293623 0.9284693191031209 -0.19819567718844563 0.1880990835902154
17615300916700.000000 0.13550325610801003 0.6106551698552676 0.5429320638378909 -0.2541389618766097 0.925880254760049 -0.19989201995244574 0.19545414362728886
17615333600200.000000 0.13557565240500702 0.6107046653962429 0.5428649655567735 -0.2566579533328262 0.9232823454210035 -0.20118549605838248 0.20297980638634583
17615366466200.000000 0.13548618884487715 0.6111390307476053 0.5428010545346129 -0.25925548177758095 0.9205008132575643 -0.20305626035871208 0.21031643561446217
17615399425200.000000 0.1355492971258759 0.6108409259096104 0.5427172166799042 -0.2618149173165247 0.9175569511466181 -0.20324519595145812 0.2196214488516947
17615432296900.000000 0.1359566502002542 0.6110681630719957 0.5430467971792372 -0.2629744536723423 0.9145242640675677 -0.20603283147917656 0.22812338656981265
17615465438700.000000 0.13687998435092638 0.6108732864969546 0.5439826262714254 -0.26341282688854334 0.91158059462779 -0.20900794668930275 0.23653790467777652
17615498607200.000000 0.1366754078478661 0.6114098028680681 0.5437707104077892 -0.26632846233749535 0.9084784225598901 -0.21114371421996264 0.24321685352260816
17615531244800.000000 0.13698617016688325 0.6116069081770387 0.5443698991549782 -0.2684819974750118 0.9055859857860461 -0.2123154348252353 0.2505066775850776
17615564601700.000000 0.13684543677278335 0.61165139451717 0.5443311730513608 -0.2717435519851686 0.9025851215814948 -0.21249237472013668 0.25757043879296276
17615597556800.000000 0.13791637371032145 0.6122533209413104 0.5449812993677752 -0.27342030017348623 0.8989805473978425 -0.21624196340780258 0.26516924428533356
17615630694300.000000 0.1356838512700916 0.6118144266642893 0.5452684948059434 -0.2787956902279306 0.8960511994922807 -0.2131785255945709 0.2718825614564158
17615663109500.000000 0.13542774938702914 0.6119617308840044 0.54517877459514 -0.2809901088815226 0.892598023827117 -0.21479047395438694 0.2796039679066188
17615697311800.000000 0.13582963133550163 0.6118478610630859 0.5456773315666943 -0.28241582399924336 0.889187583471114 -0.21629410539279845 0.28775615324082626
17615729543700.000000 0.13585927928552194 0.6120703859875347 0.5457524430655534 -0.28357429571747006 0.8864158152126561 -0.21699552162287583 0.29455995135937807
17615762374000.000000 0.13600529544769296 0.6121794995248815 0.5459304041572438 -0.2840436291358492 0.8840324134275537 -0.21710267977086747 0.3011184736828665
17615795384400.000000 0.1357918752778685 0.6119640415869049 0.5463428337573116 -0.2847203905833785 0.8817582546801426 -0.21697677143317362 0.30717708271925787
17615828289500.000000 0.13577708594546367 0.6123117329900621 0.5462918382687525 -0.28625322419171423 0.8789459786839384 -0.2172376038369041 0.31356160746236494
17615861316600.000000 0.13569925868140367 0.6118797483317627 0.5471782301751662 -0.287179221300289 0.8760373413936057 -0.21776959607363217 0.3204107900232294
17615894869400.000000 0.13511295556527522 0.6115147818050194 0.5476441598943769 -0.2884922889547159 0.8732369087009644 -0.218806604831375 0.32611833769081267
17615927251600.000000 0.13456542832550353 0.6111033186458189 0.5483090630156834 -0.2904083602957793 0.8702078494928375 -0.219121901328319 0.3322452035916103
17615967692900.000000 0.13436100949440402 0.6109243801659425 0.5481016960940871 -0.2917257432649863 0.8676709572765745 -0.22046036836383337 0.33680918425145
17615997785400.000000 0.1337571386061495 0.6102253652699315 0.5487712924364215 -0.29228868107937456 0.8655788491392078 -0.22148775475854365 0.3410040429785892
17616030911900.000000 0.1336180594922835 0.6112811508641111 0.5475850760006264 -0.29388132713958454 0.8632147284886216 -0.22392783174549066 0.3440209648389979
17616059368500.000000 0.13368277348592741 0.6104877210670625 0.5485813240395516 -0.29249240029591506 0.8617298876443764 -0.22543799131050737 0.34791882470402274
17616094555600.000000 0.13258173227090395 0.6103018973626602 0.5480528987997916 -0.2925538989654365 0.8611228966335505 -0.22455609274777058 0.34993447144203943
17616126674500.000000 0.13230221171186712 0.6104044984351551 0.5480497878550299 -0.2921596067725711 0.8600520013229827 -0.2246134139740122 0.35284859848633116
17616158456100.000000 0.1321425993573708 0.6105503227141627 0.5477440750868147 -0.291950834042159 0.8586192657681398 -0.22537638981862662 0.35601004180527096
17616191297400.000000 0.13175832548261265 0.6104887428568844 0.5475279461927166 -0.29200138878777054 0.8570872969258679 -0.226516057339816 0.35892482522325997
17616224291000.000000 0.13097591708919826 0.6105923752737609 0.5470048882590581 -0.29311650136608053 0.8552580757957569 -0.2273294976323368 0.36185306399045103
17616257344500.000000 0.13077606178217657 0.6107338784590018 0.5464981890204694 -0.29295507009996197 0.8533715319566565 -0.2292294116272959 0.3652235372941883
17616291077400.000000 0.12988945240722724 0.6103885121866837 0.5462670322271884 -0.29300581937807757 0.8519345388487677 -0.22898580782672603 0.3686741530688863
17616324306200.000000 0.12896758353723115 0.6098874754167882 0.546429957161248 -0.2921741873841373 0.8508607411213385 -0.22903649607169663 0.37176945397929817
17616356462700.000000 0.12851535707409323 0.6101893380544938 0.5458171329336913 -0.29264957469399006 0.8491744922345437 -0.22939844909115836 0.3750136793827696
17616389886700.000000 0.12853359465527134 0.6101688969605273 0.5457547670209123 -0.2930517937984757 0.8469015137428029 -0.23107952412751712 0.37878849731828607
17616422362500.000000 0.128036841268877 0.6101695221204371 0.5451945091258624 -0.2950820799073401 0.8444757876790826 -0.23228368866771945 0.38187890504748934
17616455347800.000000 0.12790144570095902 0.6102228773880587 0.5447846613068146 -0.29664690561231 0.8416752905128255 -0.23356501465221524 0.38604494901669495
17616489633400.000000 0.12761953403058127 0.6104707744019053 0.5446787887456583 -0.2981589778339078 0.8386615850901764 -0.2343847738368135 0.39091143168822473
17616521384100.000000 0.12729598441484752 0.6108350689143199 0.5442332320770238 -0.29945710442836987 0.8358611484594823 -0.23420494476934617 0.39599195313662505
17616555594200.000000 0.12711328079779025 0.6107562143511699 0.5442946136849788 -0.29946737364765713 0.8332760749542806 -0.23429163514210816 0.40134487007036734
17616587116100.000000 0.1267804468110814 0.6112116454424057 0.5440029323771367 -0.29973649032982347 0.8306932534341991 -0.23479495667434291 0.40617494184643954
17616620353000.000000 0.12609995668397994 0.6108958578176289 0.5440146315021956 -0.2999777998345346 0.8285375276550608 -0.2337013648846854 0.4110018940646215
17616653637600.000000 0.12679317202199933 0.6105141501559819 0.545266311571248 -0.29946600623272895 0.8254579685973154 -0.23265700311700738 0.41810282478216476
17616686618200.000000 0.12675066330201332 0.6103807613802494 0.5455976629123028 -0.29997270990909086 0.8221967752456374 -0.2321683431122226 0.4243897931642521
17616719242700.000000 0.12677735546709737 0.6106378774714075 0.5458123666799587 0.30100101409289043 -0.8181802350253087 0.23194611206570093 -0.43148637710429233
17616752245400.000000 0.1264459655832263 0.6104029068874716 0.5459378836399316 0.3025570562669385 -0.8137576094446501 0.2312923588441919 -0.43904626807923397
17616785183400.000000 0.12639080396449612 0.6105314703541518 0.5458700878275804 0.3048196213848161 -0.8087787253583668 0.23163106306088735 -0.4464403907038388
17616818220100.000000 0.12642260654768794 0.6104167383216368 0.5465460592579952 0.3063468352972708 -0.803637168917845 0.2324517319212395 -0.45418620582738345
17616851207300.000000 0.12657688534959502 0.610569178244832 0.5468446111384275 0.3071160643367933 -0.7991717544576277 0.23368313352979997 -0.4608648641490145
17616884233800.000000 0.1267100670775348 0.610238952712946 0.5479161228319432 0.30672612110840164 -0.7952305744092724 0.23415610359887085 -0.4676519424763335
17616917703200.000000 0.12682616494963994 0.6104413242676414 0.5481186988406841 0.30658995745168294 -0.7918352262316227 0.2347960250903764 -0.4731494468878194
17616950422000.000000 0.1271673004261567 0.6105266148158873 0.548190763185646 0.3070196057040494 -0.7884248659373166 0.2350618782445419 -0.47840475110642716
17616983234400.000000 0.1276035820880097 0.6110178553121274 0.5478908125347347 0.3085481559958578 -0.784818045472537 0.23595133271019642 -0.4828929897239189
17617016486400.000000 0.1273448138858215 0.610946935040132 0.5481534218231011 0.3093413713859344 -0.7816654470826122 0.2358939929433973 -0.48750494241538717
17617049198300.000000 0.12711126138082274 0.6106761882361494 0.5484906588417914 0.3102800093512612 -0.7780485825260867 0.23476660895582116 -0.4932051888874581
17617082325800.000000 0.12716652337251805 0.6106438955440185 0.5487783880559503 0.31156766323702184 -0.7740760881504462 0.23484152430097469 -0.49857924088625993
17617115297800.000000 0.12751109831361165 0.6112255418234601 0.5480033488274851 0.3136418569125914 -0.7696255604610471 0.23497060768130193 -0.504077470041382
17617148213200.000000 0.1275778895583544 0.6116406058489808 0.5475962211204112 0.3152633035704239 -0.7650304136912487 0.2342194345801168 -0.5103712100170132
17617181259800.000000 0.12744608698891746 0.6116094790227389 0.5477969767683152 0.3149674172551002 -0.760842528187575 0.23363122602912492 -0.5170402533584003
17617214790800.000000 0.1272370660363128 0.6114912955531042 0.5479839958671334 0.31491623135525515 -0.7566531861763386 0.23308974740372143 -0.5234241996062736
17617247242100.000000 0.12749846774128665 0.6118436033769838 0.5478328262450912 0.3149207415857597 -0.7521238820467472 0.23367216388902784 -0.5296526337114026
17617280286300.000000 0.12748528902948167 0.6120332489275775 0.5473897299135201 0.31486030946816124 -0.7479902356252818 0.2340463980517696 -0.5353465013333346
17617313948600.000000 0.12707507677253996 0.612317354553328 0.5470643937440212 0.3154426133711224 -0.7439966147432152 0.23463402767142544 -0.5402886894789832
17617346399900.000000 0.1265238495585721 0.6120624638641253 0.5467314627268357 0.315798123948477 -0.7406974170885291 0.23502050317785173 -0.544430201508911
17617379475500.000000 0.1262581098348723 0.6126545114896509 0.5458562601556076 0.31738322653334494 -0.7375627984019902 0.23641697084715385 -0.5471526494719408
17617412453900.000000 0.12619852037115004 0.6123298911737391 0.5459751881168904 0.31786535567172663 -0.734919785020728 0.23835132753977373 -0.5495845430038959
17617446007800.000000 0.12605303203229876 0.6122434517751839 0.5457498491249455 0.3180032094200116 -0.7327689009862005 0.2400419116117969 -0.551637178964401
17617478486600.000000 0.1257684642898275 0.6119459075435727 0.5456470411302226 0.3171638805030425 -0.7308679184688814 0.24112224658972087 -0.5541653371122577
17617511358200.000000 0.12531336651689565 0.6117116798033252 0.545136440158171 0.31648386011107144 -0.7288387757958443 0.24168700831865952 -0.5569734241376216
17617544373500.000000 0.12499556116415542 0.6118976615949971 0.5444058882761932 0.31592349121899344 -0.7261504325340046 0.24283693014553764 -0.5602928898211826
17617577458000.000000 0.12475231503249018 0.6116227895267313 0.5444290151196705 0.3148119976914966 -0.7229250904028417 0.24462743789625802 -0.5642961424676274
17617611099500.000000 0.12438244529142667 0.6113523418229249 0.5442454788337878 0.31404622201076693 -0.7196163785031926 0.24663271822642802 -0.5680664930542528
17617643809300.000000 0.1241444322435282 0.6112386445172218 0.544000904019488 0.313690665958299 -0.7161452104939142 0.24832245000786196 -0.5719004846993567
17617676852900.000000 0.12377514820858311 0.6108248600860251 0.5433698155574389 0.31344691823035664 -0.7132048031419878 0.24883328241883562 -0.5754753998111117
17617716911100.000000 0.12372866004680254 0.6112269887627693 0.54280306573307 0.3127521306004829 -0.7100879798148501 0.25055937919500687 -0.5789483251765537
17617745802800.000000 0.12329646356113212 0.6107746339903914 0.5427372167117553 0.31164215166843173 -0.7073314446278054 0.2521651505572937 -0.5822148517417169
17617775802300.000000 0.1230019910221962 0.6109416109205009 0.5422096940098815 0.3121587604682652 -0.7039748794550158 0.25356094758277914 -0.5853914273544971
17617808846100.000000 0.1222808000903739 0.6101879850850771 0.542483085300219 0.31201148703892734 -0.7011079919235579 0.2544688318252037 -0.5885083085617313
17617841162600.000000 0.1221025751584082 0.6098571119781812 0.5423369508738975 0.31180386575044244 -0.6979073073247901 0.2543945126364071 -0.5924417031457409
17617874270500.000000 0.12131407578168875 0.6099798815091588 0.5418379301856098 0.311832254682312 -0.6949788826848757 0.254435056416319 -0.5958420928637486
17617907187400.000000 0.1207767647100893 0.6101753263957211 0.5413681401338378 0.3122991909338733 -0.6911069890753345 0.2536908087904402 -0.6004009647964651
17617940134800.000000 0.12105162977154224 0.6101485081842467 0.5419254502205986 0.3110286177410858 -0.6865437220671927 0.25477232923453863 -0.6058134835843476
17617973537200.000000 0.12087964286125386 0.6101682963953546 0.5418790935516875 0.3105110358507248 -0.6819366951123553 0.25503245110573536 -0.6111494820067748
17618006498900.000000 0.12065465473716619 0.6099657011715965 0.5421043591377845 0.30995718738082556 -0.6771396767768634 0.2551293108254187 -0.6166988202382423
17618040129700.000000 0.12046749167157424 0.6100119553120559 0.5421853367316096 0.309969031802926 -0.6723802267772948 0.2552589592810718 -0.6218254527347803
17618073164500.000000 0.12013345442985551 0.6100113482084167 0.5420045958233648 0.31066637335940406 -0.6678077308618786 0.2542351313647094 -0.626804384991676
17618105476000.000000 0.12001272298983881 0.6100234058040886 0.542075310017895 0.3107434708038288 -0.6629665349040361 0.2539086464829143 -0.6320160347580904
17618138616500.000000 0.12010783724263806 0.610377284766699 0.5424295991507699 0.3108150127404087 -0.6574361853067913 0.2539314499675408 -0.6377229091241873
17618173361400.000000 0.12017600931326376 0.6104273787616632 0.5426545350331468 0.31132299541570996 -0.6514283949959738 0.2526918163099346 -0.6441008342552784
17618204860600.000000 0.11993808674793024 0.6104828138119621 0.5427306048130202 0.312133860216422 -0.6450166880233817 0.2512759663325003 -0.6506814229877866
17618237628700.000000 0.11988642681577923 0.61055743440808 0.5426466240657323 0.3121071526483229 -0.6383175232044231 0.25085619404145787 -0.6574275889761256
17618271293000.000000 0.11985662591055232 0.6108092459232861 0.5426694871146821 0.31163471382968855 -0.6317668270722812 0.25127103857475974 -0.6637901374085581
17618303585500.000000 0.11984498602980431 0.6108880550608903 0.5433536836441891 0.3104086031775159 -0.6252844446040421 0.2520845234527431 -0.6701636034918649
17618337249800.000000 0.11871143556911158 0.6109106918431959 0.5429784813988257 0.31146232716223393 -0.6204954166158331 0.2503812759189563 -0.674748748340169
17618369512900.000000 0.11874913635032222 0.6109489248776601 0.5431735460430563 0.31116845632278295 -0.6158090208815318 0.24969028424341377 -0.6794175472749204
17618402505100.000000 0.118843355181573 0.6110093598590194 0.543479305170074 0.31096917841220734 -0.6106847132540261 0.24905107030667673 -0.684350725472388
17618435465400.000000 0.11835771463097536 0.6111255542196858 0.5436422166199896 0.31134472180255357 -0.6047463585222119 0.24897173027363573 -0.6894631125624973
17618468601500.000000 0.11820283196950174 0.6110606260997347 0.5434669992668053 0.3113955029417931 -0.5985829676690705 0.24885526234219904 -0.6948397872666127
17618502028300.000000 0.11773365391499811 0.6111133412568514 0.5440800847654367 0.31120084026914424 -0.5916997468726888 0.24881902926156646 -0.7008099152009098
17618534798800.000000 0.1174039132344072 0.6112710621268604 0.5437575728420287 0.3103013747556807 -0.5861082095527758 0.2487699389472018 -0.7059063259355164
17618567627600.000000 0.1165416129216209 0.6109850935046465 0.5439741023784157 0.3088090686719047 -0.5810348189112644 0.2483972597236729 -0.7108686936984321
17618600701500.000000 0.11676028451857293 0.6113121785270241 0.5437395305531968 0.3078061240757534 -0.5754971920106794 0.24847539368598232 -0.7157641725469928
17618633706600.000000 0.11656740640392196 0.6109058081787947 0.5437492978368959 0.3069858579703069 -0.5698638528413398 0.24839474920421148 -0.7206350815765461
17618666692300.000000 0.11647342708084918 0.6115174128931588 0.5435491255874082 0.30727197187557115 -0.5634676986114466 0.2487858046349546 -0.7253921086787175
17618699747800.000000 0.11646595430358489 0.6115701015438347 0.5434940643159613 0.3069374601669765 -0.5573444998090958 0.24928952279884917 -0.7300761863679137
17618732784500.000000 0.1162427609019695 0.6108423230705315 0.5432710568468035 0.30637374397673345 -0.5518907788189535 0.24947746249643166 -0.7343791207289525
17618765764100.000000 0.11606903870137784 0.611519883116276 0.5431274673418671 0.3076909907346909 -0.5456377271027647 0.2502159135936369 -0.7382396098607382
17618799020100.000000 0.1162283506144623 0.6108511521579975 0.5435544663294513 0.30786765064713023 -0.539995921784156 0.25127889335431314 -0.741943954686692
17618831900300.000000 0.11614449028827371 0.6110935036851596 0.542970059050719 0.30925636492916964 -0.5347802184524735 0.2512709628180517 -0.7451399344735259
17618864888100.000000 0.11570433766806407 0.6108226942627666 0.543004368932386 0.3086266848504012 -0.5297788529618385 0.2518559552830985 -0.7487673297768325
17618897895700.000000 0.11439249049027869 0.6089048252975139 0.54141805090244 0.3071322196027117 -0.52718806489323 0.2507297493713258 -0.7515830870211461
17618930988600.000000 0.11440224540086025 0.6088429845657461 0.5414184330901178 0.30520493245949604 -0.5223674234574694 0.25167791349797697 -0.7554074741290981
17618964186200.000000 0.11428085107277476 0.6085561886631617 0.5408363990570966 0.30407064049890487 -0.5183321562240034 0.25206759162789316 -0.7585082403386763
17618997128300.000000 0.11424867956836372 0.6084440106265029 0.5404693417609387 0.3030819115451622 -0.5141260920522738 0.2528012242559328 -0.7615164196390574
17619030190300.000000 0.11413188821133044 0.6084532796098008 0.5400362668819315 0.3030975107227615 -0.5100427113529651 0.25378406068145604 -0.7639253773330301
17619063168800.000000 0.11415713226411622 0.6083031025581512 0.539732898904136 0.3027472216055356 -0.5062138826459104 0.25479504428977623 -0.7662709117747145
17619097007800.000000 0.11399026540980836 0.607730284329556 0.5388843730936301 0.3018808360978949 -0.5033428095757974 0.25516484488871194 -0.7683780832234206
17619129110400.000000 0.11386810431830618 0.6081833350752187 0.5385873486290077 0.3008087517474819 -0.49946041280243786 0.25681967696783636 -0.7707769096421326
17619163417400.000000 0.11406668251995591 0.6082694485479341 0.5382249373959106 0.2989391534414897 -0.4958375070596609 0.2575537955237704 -0.7735932985386095
17619195808900.000000 0.11379700937554439 0.6079709987169055 0.5381384832710732 0.29703107024874126 -0.4923253600498255 0.25957099967627006 -0.7758937938183027
17619228277900.000000 0.11404216535487739 0.607831737995802 0.537263963128117 0.29602374079862637 -0.4888042293999118 0.26016495386646893 -0.7783023621858052
17619262184100.000000 0.1131824261510612 0.6073516964633132 0.537069851314592 0.2950642055216513 -0.4844095218012553 0.26061835811018447 -0.781257064751486
17619294775700.000000 0.11332963500652458 0.6074036887171073 0.5366507478785603 0.2938402004727414 -0.47965545105218416 0.2613474719227654 -0.7844017362178927
17619327675600.000000 0.11325558725598703 0.6068979567797278 0.535942014072406 0.29322507663848707 -0.47467171727833607 0.2608961735072681 -0.7878064495138728
17619360422500.000000 0.11324158734095038 0.6073536423133755 0.5356317062949972 0.2938372925439592 -0.4682913442282486 0.26104305830153407 -0.7913402454974205
17619393704900.000000 0.1127730413995047 0.607422512842797 0.5357037155981652 0.29407999057591455 -0.4618244083244447 0.2617524642756468 -0.7948086703504642
17619426437400.000000 0.11301188633133787 0.6075262763264959 0.5355114690534822 0.29367566279224516 -0.45530852537427274 0.2625297039405809 -0.7984528203681868
17619459145600.000000 0.11255990403506494 0.6069908110301636 0.5351369902702883 0.2927494631607114 -0.4492114896799288 0.262552986771585 -0.802229841439456
17619492763000.000000 0.1122409427094867 0.6081568230466047 0.5355134931569296 0.2922226397312589 -0.4407421202930666 0.26328710863650906 -0.8068656707618027
17619525487400.000000 0.11236460750879743 0.6081809144629186 0.5353393249042707 0.29038481459561644 -0.43325354647655273 0.263478090704193 -0.8115092849971787
17619558117800.000000 0.11187462965569185 0.6084000003313614 0.5361368645365296 0.2880783519877192 -0.42398086503069127 0.26428553844827424 -0.8169481277112839
17619591164500.000000 0.1102991905711068 0.6070568142076128 0.5356483208212743 0.28594717307203515 -0.41646360240852015 0.26432482482184 -0.8215379900308526
17619624130400.000000 0.11124791349530343 0.6079897601598288 0.5356894791177268 0.2861027057602018 -0.4079684587474 0.2646653166383772 -0.8256265793884484
17619657222800.000000 0.11040788491847295 0.6072319221493598 0.5353786415001437 0.28615197809803466 -0.40049395546350286 0.26235884939536736 -0.8299936573322224
17619690789300.000000 0.10943494333376154 0.6058513186818041 0.5356937241938381 0.2844266374523682 -0.39257139464675267 0.25855806661197106 -0.8355458779759029
17619723390700.000000 0.1092703391484249 0.6057231818997149 0.5356060654808762 0.2833150567161659 -0.3833985848939061 0.25680462661135456 -0.8407077301240121
17619756227000.000000 0.10876622905717896 0.6056918227783765 0.5358157283302667 0.2830377856515419 -0.37250474853104315 0.25550595649141383 -0.8460771421169018
17619789621500.000000 0.10855256284237996 0.6052077548371021 0.5358527406405671 0.2823133469694487 -0.3621343600424745 0.25395518122543853 -0.8512723684745617
17619822558900.000000 0.10809432162955321 0.6049942283544465 0.5361131781497944 0.2819317671811505 -0.35232134204033233 0.2520269962693273 -0.8560762487935716
17619855237800.000000 0.1078653149627149 0.6046939424031752 0.5363069090950306 0.2816163525793403 -0.3439931379621986 0.25081133904228536 -0.8599154744523698
17619889857700.000000 0.10759804646708711 0.603901981069631 0.5364325391195832 0.28024971247789293 -0.33639954288234697 0.24988826448340193 -0.8636268299897125
17619922687200.000000 0.10719000468606353 0.6036929885828612 0.5362814669337655 0.27999785009652806 -0.32772654482325203 0.248326275876874 -0.8674852024493893
17619956004400.000000 0.1070571164323933 0.6040503387034064 0.5360997167627636 0.28064278019866756 -0.31763436299890635 0.2465546723045123 -0.871526726457345
17619990301500.000000 0.10697587608716799 0.6036231794718329 0.5358932195526239 0.28030511850270773 -0.3072084029391968 0.24558567854214833 -0.8756367467161962
17620030604300.000000 0.1073651862065315 0.6040065928777342 0.5358435230106973 0.2798351773886548 -0.2965066051625512 0.24420300300008785 -0.8798528285551955
17620063413500.000000 0.10749205800042405 0.6038464597802475 0.5351560799764838 0.2791583373762426 -0.2870877600492026 0.24208720313778848 -0.8837675185138831
17620097250200.000000 0.10762901069209914 0.6046064421629813 0.5351935730377113 0.2787781666018022 -0.2771522285390534 0.24076683914362343 -0.8874123648061045
17620130968500.000000 0.10806756563136968 0.6048582014328248 0.5352198039090765 0.2783996844379367 -0.268392644003819 0.23987952017491046 -0.8904587694835463
17620163471400.000000 0.10738053249472433 0.6030653038944911 0.5335348709539675 0.2785148039495029 -0.2631580893141159 0.2368113268994716 -0.8928032927031717
17620195842900.000000 0.10753175578298652 0.6030387145082836 0.5334708086327897 0.2783479234323552 -0.2559877536684802 0.23645588331414558 -0.8950314624295553
17620229381800.000000 0.10788042788341745 0.602967905025843 0.5325816713818143 0.27848912727347785 -0.2500092677358654 0.23478395687431167 -0.8971151908373163
17620262073900.000000 0.10794766229112276 0.6024855711504794 0.5322496820666577 0.27683036188891685 -0.24360087223772617 0.23503648486429443 -0.8993227543902726
17620293235300.000000 0.1082869911131758 0.6022213559032535 0.53176679106923 0.27479454873285425 -0.2378265686806954 0.23500574808489896 -0.9014980740874218
17620326354300.000000 0.1085667870086936 0.6018598036035857 0.531091104833531 0.27387435802827903 -0.23252681834393188 0.2337875578450068 -0.9034752307408952
17620360570500.000000 0.10890903443098668 0.6023864342141355 0.5306059713253746 0.2730738567371733 -0.22675643706898513 0.2336934441622176 -0.9052069162186431
17620392889500.000000 0.1087483011648667 0.6012984742139272 0.5301369704245408 0.27057476321188306 -0.22186061092289133 0.23466419685417464 -0.9069177920564466
17620425115400.000000 0.10925449149687964 0.6008973322153417 0.5292386808776365 0.2692408042337196 -0.21708299186713756 0.23446662032810328 -0.9085206480479733
17620456163400.000000 0.10933476699836316 0.6007095294604483 0.5287789205301202 0.26916704394821017 -0.21113907599986756 0.23467046040318928 -0.9098896460847654
17620491795700.000000 0.10988545682734027 0.5995520527312727 0.5278708653649686 0.26981873021102104 -0.2068972901359639 0.23354699083289762 -0.9109594761758646
17620526540100.000000 0.11027810553255042 0.599083365493072 0.5275070826734163 0.2709852907288662 -0.20123542558545654 0.2325747331109227 -0.9121295243639552
17620559492100.000000 0.1106306575239489 0.5987908265533192 0.5265411294634552 0.27155020280064096 -0.1957950884824519 0.23081896241708538 -0.9135903771788426
17620591537600.000000 0.11094454366835528 0.5995245103062589 0.526152026117444 0.27036396015904895 -0.18915679532486826 0.23055810911996663 -0.9154048252814532
17620623278300.000000 0.1114227660314945 0.5991333579208719 0.5249145191095517 0.2684182650955585 -0.1837054121791147 0.22810886150585152 -0.9176983729971937
17620655477100.000000 0.11186008023642587 0.5984726830775655 0.5241493004740695 0.26668408166484114 -0.17753019164793513 0.2262471551975675 -0.9198776312124541
17620688603000.000000 0.11172797309887304 0.5982812761602315 0.5241032217736589 0.2652416262966514 -0.1692057433860352 0.22469622753154678 -0.9222406960321032
17620721370400.000000 0.11239805770639955 0.5988418879151339 0.5230945529446485 0.26538003306422897 -0.16216336219235283 0.22104208000587108 -0.9243467319572124
17620754747100.000000 0.11228417961662267 0.5987034015831085 0.5234914098211731 0.2639504736655843 -0.15386428017833906 0.22006265248017132 -0.9264061526783524
17620807250900.000000 0.11289274358944715 0.5972365530640709 0.5214033382891764 0.2636740386631804 -0.1496863715352855 0.21650108412818322 -0.9280071508792211
17620839462800.000000 0.11310540883066555 0.598008267476809 0.5214647361776905 0.26267985834955326 -0.1381595734921763 0.21490685250546648 -0.9304441246072288
17620876805100.000000 0.11227221282152883 0.5987934154578572 0.5215878466842533 0.2621442261343634 -0.12912951748685658 0.21340107099500588 -0.9322370703400569
17620906170100.000000 0.11204466873258939 0.5984592705020066 0.521465145489407 0.25987109718360096 -0.12086176306037665 0.2125419940847946 -0.9341762937631141
17620935091400.000000 0.11212756384056347 0.5982546872255509 0.5211207584009291 0.2584455255744836 -0.11454606288251576 0.21092130579265997 -0.9357335692126061
17620963421000.000000 0.1119418648042537 0.5979346179554609 0.5212620545007235 0.2566645014373298 -0.10686539634346327 0.20939077018978353 -0.9374746002562474
17620993855000.000000 0.1116405705974052 0.5975980080800322 0.5213943953919848 0.2561146429602737 -0.09929886431300704 0.20841488398816868 -0.9386736713787581
17621026506200.000000 0.11119539799349046 0.5974398080322811 0.5216323582914907 0.254693670015688 -0.08963849313723654 0.20623367091250389 -0.940512492199853
17621059444600.000000 0.1106260833121633 0.5968991367393034 0.521767681261188 0.25195372389080795 -0.07900731938250624 0.2053653933697728 -0.9423917549021871
17621093556100.000000 0.11081155975664049 0.5972222355372843 0.52137411743601 0.24952633219454765 -0.06912978350816118 0.20461319908145556 -0.9439762292215327
17621125891700.000000 0.11061996121599624 0.5972969889817413 0.5212273449662301 0.2465032267971865 -0.05867132720187965 0.20382936610073216 -0.9456465640279769
17621158586900.000000 0.11064460421109545 0.5976409822864267 0.5215180856117322 0.2430828516832311 -0.04866742713183918 0.20203189720616807 -0.9474836786273375
17621191471500.000000 0.11027256065691063 0.5977928008289738 0.5219490295138707 0.23993282511513567 -0.03892230737593893 0.2001251633244461 -0.9491402490808017
17621225054100.000000 0.11036575373698809 0.598007880806933 0.5209392997442983 0.23908608411973334 -0.031195270280415795 0.19670961653323404 -0.9503525799700718
17621260095900.000000 0.10945949654778818 0.5977224400155798 0.5219581228711768 0.2359449304496454 -0.019772643138610956 0.1962675936017635 -0.9515345837541577
17621295679900.000000 0.10985859061755382 0.598170698008417 0.5210365720358846 0.23604657981426502 -0.010870612175701913 0.19367426760545453 -0.9521838688070724
17621323544100.000000 0.1096780298626215 0.5983784522134203 0.5209935151814623 0.2346025593220276 -0.0003885363944964652 0.1931039630086807 -0.952718398935051
17621356541000.000000 0.10989095763500546 0.5982733285193628 0.5202936769564174 0.2334566297816421 0.008630005822734488 0.1908884715026925 -0.9534071095066696
17621390079600.000000 0.10958522826313076 0.5982616490221522 0.5202288390407197 0.23222987096213177 0.017909403268890733 0.1899690121006073 -0.9537611413498578
17621422609200.000000 0.10989639191485111 0.5981003909344282 0.5199297138452365 0.2302793787208779 0.025695492102551388 0.18789688281285372 -0.9544662963409168
17621456787100.000000 0.10986762426109514 0.5979785357816976 0.5198973716083072 0.2288467221776835 0.0342839126257803 0.18692171309481248 -0.9547324568994702
17621491365500.000000 0.11014579056418095 0.5977536511664017 0.5195865371255737 0.22751892332343104 0.04241890760496513 0.18494974850361925 -0.9551069920882141
17621521521300.000000 0.1103336775443873 0.5977480580032941 0.5195247190800233 0.22677148550893497 0.05079306610429531 0.18339332590137664 -0.9551762380894048
17621554502100.000000 0.11026351660795075 0.5975915304929341 0.5193900211006875 0.22594925584918216 0.05964971976259293 0.18180678119964397 -0.9551623626500731
17621587698700.000000 0.11038699156914644 0.5975532494716529 0.5192644556102227 0.22473545502121123 0.06732215598419558 0.18098082341833166 -0.9550956204092192
17621620524500.000000 0.11098883631640763 0.5970993856120999 0.518811638233026 0.22290441031838237 0.07342074581362673 0.17942074578948505 -0.9553696739614096
17621653546500.000000 0.11143303209999086 0.5975422454239799 0.5186231311896659 0.22178792966393224 0.07935872898564159 0.17950306071139657 -0.9551392346587019
17621687029800.000000 0.11130637865004851 0.5974878490037262 0.5187742311024877 0.2201489210683053 0.08591299355215502 0.1798470655359188 -0.9548866126978047
17621719712900.000000 0.11184835908658636 0.5977913146338941 0.5187787560172014 0.2187887500719784 0.09157981098514008 0.17995315658064395 -0.9546525454313364
17621752827200.000000 0.11203847093972286 0.5979347542134429 0.5188604311227107 0.21738426617466944 0.09789689295049207 0.17957737027586362 -0.954417229127359
17621785983600.000000 0.11249607025989534 0.5984374721541851 0.5187020939734979 0.21663211868602222 0.10409098794092958 0.17811147823429696 -0.9542074683758663
17621818505600.000000 0.11396631398203982 0.5987267348729224 0.5181741538733686 0.2151805662845821 0.1077033480743181 0.17723774985144955 -0.9542976960752991
17621851688400.000000 0.11459073708067384 0.5989362137088706 0.5178677151749542 0.21362194334467202 0.11314186023450605 0.1766470612509833 -0.9541280839256921
17621885540300.000000 0.1162266272332362 0.5969323310471631 0.5171270233079021 0.20871431495140408 0.11621351831309981 0.17515305904798878 -0.9551199708946456
17621919467400.000000 0.116400238895216 0.5967549943793384 0.5169597272177066 0.20565216149535087 0.12227490263980582 0.174862772285645 -0.9550806497491691
17621950956600.000000 0.11656564773165043 0.5968236062849521 0.516752984115544 0.20300053288066927 0.12838851209150892 0.1747729221583342 -0.9548620839122945
17622004733400.000000 0.11760323239277473 0.5968903411589911 0.516387874806275 0.200242721634994 0.132733013624171 0.17376929330128854 -0.9550335241403972
17622035796400.000000 0.11816523930568418 0.596986607551676 0.5162682393400612 0.19763929952910697 0.13936286188606511 0.17371743850190646 -0.9546407447667975
17622067885200.000000 0.11845032714768572 0.5969218209898168 0.5159213575751421 0.1968022066143162 0.14380552704955135 0.17387826821059782 -0.9541253637262874
17622097664800.000000 0.11874338060683438 0.5968266211109938 0.515869921792659 0.19500196035993297 0.148180542237804 0.17358786303818388 -0.9538784074313299
17622126724600.000000 0.11907670257359858 0.5966293213146229 0.5155420119235656 0.19426530518455729 0.15145071732317802 0.17300468193412943 -0.9536210208739719
17622157581500.000000 0.11984357936888632 0.5964759980983485 0.5155339755461928 0.19330554994337618 0.1538583250352789 0.1724776634099216 -0.9535261065136503
17622188486500.000000 0.1203802209704421 0.5963066921482119 0.5152096183371917 0.1934183574255115 0.15698981548178112 0.1717096715901373 -0.9531313264856112
17622221632200.000000 0.12053259147307843 0.5962569397378764 0.514892496287694 0.19344313045273473 0.1611896175703967 0.17100004071679392 -0.9525527011892888
17622254530900.000000 0.12036374674409486 0.5961811362243082 0.5144308493474499 0.19347765180294788 0.1659409806675147 0.1697443710991978 -0.9519542203635942
17622288180500.000000 0.12048244821491384 0.5961073277796536 0.5144639327477326 0.1922602796403017 0.17012914833660722 0.16867831892040697 -0.9516510297819675
17622320533100.000000 0.12035073774333264 0.5959709308947202 0.5142206704417535 0.1904118126331684 0.17548837874054882 0.16637313943676582 -0.951455279564268
17622353558300.000000 0.12172071569472043 0.5958178988146655 0.5138742135740191 0.18814479869970752 0.17826747457465164 0.16297769780035104 -0.9519771595215507
17622386961300.000000 0.12185450248802424 0.5961157287177142 0.5135492312706789 0.1867188866228368 0.18423914174542927 0.1590879349020754 -0.9517788740016396
17622419467400.000000 0.12168981895848033 0.5954836952594293 0.5133435441254645 0.18484120773761453 0.19079692504923557 0.15682328487047018 -0.9512290568713152
17622452536400.000000 0.12165776087745864 0.5955175627175742 0.5133441626543068 0.1824835405109719 0.19772988356410726 0.15305876579322894 -0.9508815198552124
17622485709700.000000 0.12157767085558098 0.5952987791016423 0.5131552153991188 0.1798783981025184 0.20531626777736242 0.15033866727712938 -0.9502038082450432
17622518508100.000000 0.12022166743233272 0.5964341007675424 0.5130920010558387 0.17921393682680603 0.21486585597362962 0.1489127603564305 -0.9484408355753065
17622551623300.000000 0.1221165667104235 0.5955555172106525 0.5128587365446691 0.1752047993990512 0.21810552135582267 0.1463774578021602 -0.9488450345915396
17622584515100.000000 0.12120344979120608 0.5958314039441531 0.5132838756204455 0.17370108884992325 0.22550282259616777 0.14552860181919808 -0.9475219442240173
17622617496900.000000 0.12214579252152451 0.5957328734979493 0.5128344403162673 0.17177734670737368 0.22932327605654704 0.1416495103491504 -0.947543558067234
17622651282600.000000 0.12190397963790389 0.5959796115247185 0.5129098377787512 0.16992771831363432 0.2356196156913354 0.13908491381459445 -0.9467118642963003
17622683747500.000000 0.12198256838773495 0.5967375902552986 0.5123173966459023 0.16861159591948907 0.24227125375025596 0.13603713055649413 -0.9457106684592901
17622717633900.000000 0.1203502972159306 0.5953875180166919 0.5128590261871123 0.1642943779586648 0.25297913755510837 0.13732018023838272 -0.9434787127605726
17622749463600.000000 0.11930694119180207 0.5962335482199337 0.5129368189018965 0.16253751480380807 0.2630266365742849 0.13572267844730992 -0.9412639902221422
17622782545100.000000 0.12100882613387251 0.5956332714711299 0.5121218763712359 0.1596419412964314 0.2670516008415087 0.1327394200262956 -0.9410516135888494
17622815569800.000000 0.1212618104238182 0.595321866061369 0.5121517387032725 0.15689492865574559 0.27328605548080903 0.13162170344209537 -0.9398800138447726
17622848519900.000000 0.12152536216726147 0.5956370557996157 0.5119606624335773 0.1555059356631592 0.27907077641959216 0.12948953380741043 -0.938706485732591
17622881582400.000000 0.12174462767903958 0.5952880453935104 0.5120301727764408 0.15381051510219862 0.28488924547279854 0.12825163429006822 -0.9374070415565814
17622914610500.000000 0.12202404897675301 0.5952815438161098 0.5118577845396506 0.15259534604245556 0.29055284681410487 0.12615764055280165 -0.9361506039652769
17622948243400.000000 0.12193708928788931 0.5950950224530657 0.5118462509601327 0.1516973609443563 0.29648629988168973 0.12546849259308496 -0.9345273896635675
17622980481200.000000 0.12227850251916789 0.5951318205985938 0.5116976478916807 0.1506800991888714 0.3010995446197784 0.12375825751341742 -0.9334444095046243
17623013603300.000000 0.12247880163665427 0.5951207186290723 0.5116385436746185 0.14948139963314713 0.3060778157524143 0.12236461728973486 -0.9322009345111617
17623046826000.000000 0.12244897184627603 0.5949385357811442 0.5116600634551092 0.14823279516522242 0.31175187985797326 0.12203389313274401 -0.9305619446170099
17623080370900.000000 0.12329816899280246 0.5945231385421854 0.5115438574613465 0.14650725784754406 0.31630254229752036 0.12151007547865095 -0.9293673260295368
17623113975300.000000 0.12399325602702659 0.594674787556646 0.5115855215676907 0.14530174052012937 0.32041481839508884 0.12104523958613238 -0.9282078422035656
17623147034400.000000 0.1245617950172125 0.594624766536916 0.5114175615409333 0.14471304235584856 0.323791584514229 0.12050835119541599 -0.9271973266042357
17623178685800.000000 0.12486839889934005 0.5947571190591275 0.5114666295821462 0.1445297706409853 0.32671905220304087 0.12075513923058388 -0.9261662932084137
17623211654400.000000 0.12526315421558185 0.5946885307421708 0.5116243309583786 0.14363168397429835 0.3288339747916926 0.1215620646114974 -0.9254516847619837
17623244906900.000000 0.1267315422724483 0.5949322967276163 0.5112713072976094 0.14327111985567312 0.3297070541999135 0.12105850510754597 -0.9252629263983524
17623277588300.000000 0.12668813469689752 0.5953036693237618 0.5113069540763006 0.14290474161635697 0.3341400813837224 0.12117159364647714 -0.9237132053454766
17623311039300.000000 0.12762188816471454 0.5948159263299593 0.5113945946245577 0.1418379475226233 0.3374531913258838 0.12121039751353918 -0.9226675348364415
17623344404000.000000 0.12901030523638723 0.5953639091124727 0.5112523030103229 0.1417739026736557 0.3398695029914314 0.1198776146974367 -0.9219643371364704
17623377714400.000000 0.12927613475383531 0.5954177631695652 0.5112353820188174 0.1406573786336229 0.34379960206183685 0.11973979273557356 -0.9206952359460117
17623411394200.000000 0.12917394964680476 0.5943526037231427 0.5114681655810407 0.13889722763780474 0.3477147355470347 0.12195318759918404 -0.9192004367233438
17623444008500.000000 0.1293077424520913 0.5952179595231606 0.5113081756332457 0.13815087630077968 0.3512913926266605 0.12062751611605367 -0.9181272761439012
17623476033000.000000 0.13008057129217682 0.5947768569894957 0.5112766367915319 0.1360016921729114 0.35451926290945246 0.11991010592772469 -0.9173010402526779
17623508585500.000000 0.130648123559107 0.5952286182996027 0.5110250598988214 0.1350641935071547 0.3588473214091516 0.11821540576739882 -0.915975644539192
17623541537400.000000 0.13027244083061967 0.5954224215423259 0.511468065193052 0.1330346368834614 0.3652738079820317 0.11772205327173345 -0.9137933840672511
17623574708100.000000 0.1298246700297407 0.5943515871144786 0.5113005114850989 0.12972332713866905 0.37189985374069573 0.11795723070602533 -0.9115637382585425
17623607522000.000000 0.13010585616129103 0.5944849003001251 0.5114077238247893 0.12719665758267923 0.3774537741798551 0.11638966497393574 -0.9098368560046536
17623662811700.000000 0.13026320621564894 0.5943943678379118 0.511500980336375 0.12456699753500637 0.3836670456368235 0.11526609105152448 -0.9077424686942476
17623693428500.000000 0.13030742767084136 0.5940874150415602 0.5113936946464344 0.12260137108234316 0.39185810921002934 0.11389812002397177 -0.9046785861896341
17623726704100.000000 0.1303450530763775 0.5941524842143112 0.511327054390067 0.12122813349335747 0.39758862878345386 0.11222194571425088 -0.9025703611419541
17623755990800.000000 0.13045345264038402 0.594210233381598 0.5112348124247983 0.11879857476630891 0.40402104389928206 0.10982138906955737 -0.9003294714841124
17623785445700.000000 0.13066732891528623 0.5943159909693708 0.5113340618915996 0.11543333524811342 0.4099499748916399 0.10782224011677682 -0.8983265151024101
17623815296500.000000 0.13017815527436083 0.5948065015267401 0.51116993731065 0.11208287401921657 0.41796958322446204 0.10493622102804162 -0.8953922304594317
17623846345600.000000 0.13014812257675235 0.5946341421142807 0.5110060557531837 0.10773883094100295 0.42620587875064475 0.10227165172597033 -0.8923460105133538
17623879587200.000000 0.129767781158599 0.594781308772283 0.5108790757865213 0.10398833120019034 0.43548623356184984 0.09945499001065045 -0.8886207696842872
17623912711800.000000 0.12940227531527926 0.5946056207045024 0.5109997865446609 0.10087489579319384 0.4444863514046425 0.09718780377121532 -0.8847658840686777
17623945820100.000000 0.12926164416682334 0.5945851973642522 0.5110595405916286 0.0981235745059254 0.4525467611798404 0.0945321996615236 -0.8812700246229701
17623978534400.000000 0.12921047816661363 0.5947774329557094 0.5110535001181662 0.09530731057379367 0.4597989834410693 0.0915586385945406 -0.8781334904651252
17624011959400.000000 0.12923253485452957 0.5952402357066071 0.5108944586120463 0.09286207131122645 0.46690781417187305 0.08803873913005683 -0.8749988052502827
17624044486500.000000 0.12898107375870507 0.5946690178767736 0.5104925594008071 0.089345139596414 0.47552221519107923 0.08526309208494523 -0.8709915464678062
17624077497900.000000 0.12881318052623625 0.5953331127282135 0.5107245845465702 0.08667949730796075 0.48387155494529577 0.08179229274484337 -0.8669861613133182
17624111056000.000000 0.12997405553289926 0.5952092743239147 0.5110834211788862 0.08338380172081496 0.4905956931632925 0.07861949270063524 -0.8638182579846916
17624145116200.000000 0.1301023353889109 0.5948805018093468 0.5110469134260311 0.08060757290638625 0.49838826936661984 0.07621991606186904 -0.8598267712413988
17624178407600.000000 0.1301866118379153 0.5948160354045091 0.5110461966307627 0.07769477959246143 0.5055281060287262 0.07335536980889662 -0.8561681172289048
17624210383000.000000 0.13022044563550852 0.5950946381382527 0.5111714388921155 0.07600818522399769 0.5121750207073321 0.07068223731693232 -0.8525863740819879
17624244356900.000000 0.13078686280943586 0.5951545411170205 0.5114026392016067 0.07319691851326521 0.517760659096475 0.067013299133582 -0.8497501566645219
17624276635100.000000 0.13079604841823295 0.595271286203602 0.5116387187685327 0.07055512689168222 0.5240944086036856 0.06383834464849386 -0.8463283586718525
17624308471100.000000 0.13096217870219773 0.5956431649528146 0.5116823725131238 0.06924275597895216 0.52986365174683 0.06083958407176021 -0.843059011168215
17624343411500.000000 0.13155701582663043 0.5956129693281231 0.5121965782661769 0.06598889143792208 0.5343938680439843 0.05844575506718269 -0.8406264055562435
17624374699600.000000 0.13147048360927174 0.596151936266708 0.5122645723592643 0.06442953537042058 0.5395614744611333 0.05701348018506848 -0.8375390816710981
17624407567000.000000 0.13184263240306032 0.5958791969311977 0.5126661613620053 0.06123822750000718 0.5435727967181697 0.056913600654264665 -0.835188204072119
17624440460700.000000 0.13231608951782964 0.5963544580976564 0.5130502053287809 0.05906424243608708 0.5471624691717482 0.057030524348026496 -0.8329898960299076
17624474179000.000000 0.13280831974436472 0.5963713300594282 0.5133193377181081 0.05744414540937554 0.5504992365976834 0.05758110772499917 -0.8308641144595886
17624507258300.000000 0.133109324838228 0.5965978667595334 0.5135250491857125 0.056170126130654564 0.5541539845622064 0.0580294178984242 -0.8284870940350648
17624539397000.000000 0.133541821864612 0.5969586664283065 0.5140765897605689 0.0547636886058832 0.5566053689823789 0.05808275237359029 -0.8269327635950675
17624573098100.000000 0.133947780358874 0.5970801693112454 0.5145123015315813 0.054446698186420325 0.5584553092941179 0.05839255803143459 -0.8256836765640663
17624606421100.000000 0.13425199833965878 0.5975268255973338 0.514941176994266 0.05422535398364322 0.5598652735539905 0.05872934958206478 -0.8247189520990358
17624638696100.000000 0.1347657889365255 0.5978402203682665 0.5155616167637472 0.053192015503955546 0.5607847687368787 0.059416900515366626 -0.8241120582617996
17624671526800.000000 0.13511911484951644 0.5978165689155586 0.5158978889250893 0.05278758715241298 0.5625083582998389 0.06047255457376999 -0.8228857075127559
17624705745100.000000 0.1357622377939784 0.5978780150686498 0.5162570169396684 0.052581533024638014 0.564171430364446 0.06130446921968774 -0.8216979625136029
17624737413600.000000 0.13618368124519314 0.5979919947213402 0.516507390299564 0.05286420148066644 0.5661117424999059 0.06156677684643954 -0.8203245718581594
17624771304300.000000 0.13657061151717625 0.5977135760895965 0.5166123908533956 0.05367519405813594 0.5684533091738724 0.062345203872450156 -0.8185920133901857
17624803397800.000000 0.13791185335990944 0.5978017600284184 0.5175309789415322 0.05267578410369499 0.5692973325652524 0.061751653932986886 -0.8181152376894651
17624836380200.000000 0.13830017764802358 0.5978640883705207 0.5180352141600273 0.05317056501867128 0.5714911503608545 0.06160166020728559 -0.8165635257189294
17624869505700.000000 0.1392485235010533 0.5975406889333184 0.5182406987800896 0.054332791158141575 0.5737229742307646 0.06144127726166135 -0.8149324303850148
17624903332600.000000 0.13933133297990308 0.5975181395140187 0.5186338183168777 0.05450134973136129 0.5767498545274209 0.06126772169537711 -0.8127948538581655
17624935497800.000000 0.13999416006399865 0.5981452488865039 0.5190636432690621 0.05413555542918592 0.5786502909924595 0.06062532579735533 -0.8115157128760232
17624969056700.000000 0.14060646387695988 0.5976474592223073 0.5192565400164476 0.053691555438693986 0.581157195073344 0.06079635431450292 -0.8097390535173182
17625002105100.000000 0.14096624067252797 0.5977665789923745 0.5197752818821362 0.05322401454898661 0.5836086608956692 0.060512334378535586 -0.8080262326130961
17625034579900.000000 0.14096425992858586 0.5978689537771581 0.5196851825508217 0.05302387311826189 0.587304512735501 0.05960545309140823 -0.805424774986356
17625067624800.000000 0.14180365395153946 0.5972892964044734 0.5198466694550867 0.052337447416578954 0.5905734758178772 0.05894765176414776 -0.8031244832588538
17625102174600.000000 0.14199301933890116 0.5974781522870986 0.520034831294815 0.0527377551472149 0.5942482918451955 0.05791880546191916 -0.800458061858936
17625134890200.000000 0.14196614197883922 0.5971950848098702 0.5199076258654066 0.05228175691744418 0.5983051954728821 0.057021772762061586 -0.797524939042569
17625167428400.000000 0.14129827280904064 0.5984606209265042 0.5199228469282675 0.05220197680233271 0.6018261667629176 0.05552968104885757 -0.7949821841651509
17625200207600.000000 0.14145339164833762 0.5984609738404076 0.5198415482562756 0.050489286503229515 0.6054324925405243 0.05436221400563192 -0.792431119159873
17625232423300.000000 0.14156461548832772 0.5982018175730094 0.519779884695368 0.04703834420316733 0.609644305389282 0.05270869345770672 -0.7895207462220519
17625265361800.000000 0.14161803112450355 0.5982816485023165 0.5198106202993482 0.045505293540384746 0.6137613788248049 0.050331510268391284 -0.7865703892195414
17625298358000.000000 0.14160444912974776 0.5982349538203824 0.5198609411544078 0.04354218536835561 0.6186981408217936 0.047350941780890866 -0.782990789824163
17625331371900.000000 0.1418745043900175 0.5981220245466718 0.5196973867986808 0.04214210070385061 0.6230701483429953 0.04340111726074815 -0.7798230418579738
17625364440100.000000 0.14169798911918882 0.5982865970555716 0.519814502923631 0.04161848137763165 0.626825857505756 0.04054797983541849 -0.7769897732282324
17625397359300.000000 0.14170505795943225 0.5982131575762841 0.519896929596168 0.04099852861618271 0.6298056441960499 0.03854383305182909 -0.7747117813250161
17625430543200.000000 0.14163454833618153 0.5982694183710436 0.519878300735262 0.04071106932987727 0.6320260834152319 0.03693622790133441 -0.7729950541790296
17625463608300.000000 0.14133460184522206 0.5983096359083141 0.519894009487844 0.04104412696392737 0.633912950934761 0.03591459607480794 -0.7714790289228449
17625496855900.000000 0.14133389458111864 0.5981116409179614 0.5199250139531592 0.0411104631544524 0.6355596107668156 0.035492771086795424 -0.7701390615867635
17625530034700.000000 0.14091058778954624 0.5987051524424337 0.5198929005895899 0.041949184642344074 0.6369268568667136 0.03534992204145684 -0.7689699785566368
17625562412700.000000 0.14082990532852516 0.5980739053437838 0.5196489886786709 0.041839061637819905 0.6388029085025612 0.03622453485734937 -0.7673774300071016
17625595400700.000000 0.14052419602978342 0.5982623347443043 0.5197666348241354 0.04193568025534665 0.6404236042253565 0.03659193920847259 -0.7660026343671991
17625628439900.000000 0.1400996566432789 0.5985758658476527 0.5196616036647419 0.04181856582110562 0.6419169819398982 0.03683682434618766 -0.7647462613324281
