6005515840300
6005549001600
6005581367300
6005614625800
6005648170700
6005680165300
6005713642700
6005746633500
6005779554100
6005812451200
6005845879900
6005878299100
6005911630500
6005944654600
6005977555600
6006010623400
6006043589400
6006076334100
6006109670900
6006142634000
6006175555700
6006208739300
6006241580900
6006274305800
6006307629000
6006340639900
6006373566000
6006406487000
6006439617900
6006472306900
6006505615200
6006538631400
6006571434100
6006604667600
6006637662300
6006671019600
6006703782100
6006736713600
6006769659600
6006802619600
6006835686100
6006868946600
6006901672700
6006935440300
6006967524300
6007000904800
6007033914900
6007068209500
6007101023100
6007132841000
6007165685900
6007199090400
6007231609800
6007264569100
6007298069300
6007330594400
6007363724100
6007396971500
6007429586200
6007462258600
6007495760700
6007528644100
6007561667800
6007594673300
6007628108000
6007660511500
6007694567200
6007726635100
6007759786100
6007792657900
6007825663900
6007858427600
6007891729800
6007924613200
6007957842500
6007990771800
6008023634900
6008057545600
6008089689600
6008122643300
6008155745500
6008188715200
6008221607300
6008255263300
6008287597000
6008320694700
6008353721500
6008387008400
6008419898900
6008453444600
6008485627400
6008520148100
6008552399100
6008584828100
6008617734300
6008651671200
6008683829900
6008716972000
6008750363900
6008782806800
6008816851000
6008849307900
6008881770400
6008914812700
6008947923900
6008980837300
6009013873000
6009047343800
6009079996200
6009112946600
6009146183900
6009179007100
6009212054700
6009244858600
6009278166000
6009311268200
6009344260600
6009377160600
6009410178700
6009442974200
6009476263600
6009509252400
6009542127200
6009575301900
6009608338600
6009641027000
6009674211400
6009707309600
6009740326200
6009773261400
6009806336600
6009839021500
6009872288500
6009905272600
6009938385500
6009971432700
6010004537800
6010037048200
6010070306200
6010104473500
6010137062600
6010169665100
6010202978000
6010235026600
6010268733700
6010301387700
6010334751700
6010367314800
6010400770700
6010433240400
6010466309700
6010500105100
6010532392400
6010566117200
6010600480900
6010631024300
6010664187300
6010697279600
6010741355200
6010770332900
6010800938600
6010837289100
6010867350100
6010896930800
6010928314500
6010961747600
6010994209400
6011027000700
6011060187200
6011093195700
6011126325600
6011159502000
6011192428400
6011225006800
6011258232600
6011291196400
6011324391500
6011357265000
6011390199600
6011423201400
6011456365700
6011489573700
6011522146600
6011555293100
6011588150700
6011620995700
6011654756800
6011687198500
6011720195000
6011753222200
6011786196100
6011819003100
6011852725400
6011885202800
6011918240600
6011951308400
6011984213700
6012016979100
6012050748300
6012083737800
6012116251000
6012150381200
6012182360700
6012214979000
6012248828600
6012281509600
6012314279200
6012347274500
6012380195200
6012412997900
6012446791500
6012479109500
6012512418500
6012545513600
6012578373100
6012611058400
6012644203500
6012677174800
6012710285600
6012743327400
6012776170600
6012808955000
6012842207500
6012875222400
6012908282200
6012941252100
6012974275100
6013006982000
6013040191400
6013073239600
6013106738800
6013139717100
6013172144100
6013204975800
6013238439300
6013271334100
6013304227100
6013337223900
6013370224400
6013402973900
6013436298900
6013469896900
6013502926400
6013535232600
6013568146700
6013600994900
6013634390900
6013667794400
6013701805700
6013734024600
6013769391700
6013799624000
6013832216300
6013865685500
6013902145100
6013931270900
6013964399400
6013996969900
6014031863300
6014064186800
6014096438000
6014131650200
6014162412500
6014194976800
6014228221800
6014261184100
6014294682100
6014327170900
6014360213300
6014393002800
6014426181700
6014459571400
6014492222900
6014525192000
6014558274700
6014590969000
6014624115600
6014657168000
6014690227900
6014723087400
6014756185000
6014788989100
6014822056000
6014857419800
6014888191100
6014921130600
6014954139000
6014986923600
6015020167700
6015053682300
6015086307700
6015119164600
6015152286200
6015184970700
6015218152300
6015251690500
6015284240000
6015317063600
6015350201200
6015382949300
6015416832000
6015450441900
6015482024000
6015514786000
6015548055300
6015580660800
6015614099900
6015647590700
6015680068200
6015713063400
6015746030600
6015778717200
6015811979500
6015845095400
6015877957800
6015911014400
6015944018000
6015976899600
6016010307600
6016043119500
6016076193100
6016109020500
6016141972600
6016174807300
6016208149000
6016241051400
6016274279600
6016307402500
6016340100700
6016372570700
6016406038000
6016438946400
6016471762700
6016504919100
6016537978500
6016570612300
6016603925300
6016637320200
6016669848700
6016702993900
6016735992000
6016768595500
6016802599400
6016835178400
6016867910900
6016900937900
6016934017300
6016966718700
6017000614600
6017032959100
6017066115100
6017100886800
6017132069000
6017164293000
6017197826100
6017230722800
6017263684200
6017296643800
6017330413700
6017362119300
6017396577700
6017428638200
6017461536100
6017494315500
6017527680500
6017560347900
6017593870100
6017626587100
6017661368100
6017692631700
6017725552800
6017758241600
6017791628200
6017824567200
6017857913200
6017890350200
6017923597100
6017956384500
6017989965100
6018022803500
6018066059700
6018088803800
6018122005500
6018154788100
6018187576100
6018220453600
6018254087100
6018286497400
6018319743400
6018353626400
6018385445500
6018418945500
6018452125600
6018485227800
6018518103700
6018550538900
6018583671600
6018616995800
6018650089100
6018682561400
6018716150500
6018748240000
6018781787700
6018814465700
6018848172600
6018880466900
6018913426900
6018946336800
6018980015700
6019012716500
6019045591000
6019079748400
6019111448100
6019144255000
6019177358100
6019210592600
6019244570600
6019276431200
6019309533100
6019342111900
6019375468100
6019409121200
6019441462400
6019474484300
6019507348100
6019540089300
6019573480600
6019606380300
6019639694000
6019672240800
6019705367400
6019738049500
6019771161200
6019804294000
6019837308000
6019870392700
6019903768700
6019936084300
6019969572200
6020002476700
6020035479700
6020068366900
6020101306600
6020134150400
6020167761100
6020200663000
6020233608600
6020266996100
6020300458000
6020332310200
6020366837100
6020398453700
6020431472700
6020464462100
6020497552200
6020530965200
6020563627400
6020597035300
6020630078000
6020663756300
6020695505300
6020728659900
6020765993100
6020795187700
6020827750900
6020861801000
6020893608400
6020926074500
6020959384000
6020992414000
6021025376500
6021061804300
6021091804100
6021124077500
6021157204800
6021190400200
6021223341100
6021256509000
6021289774000
6021322138400
6021355300400
6021388350400
6021421463200
6021454809400
6021487486800
6021520107300
6021553220700
6021586277100
6021619435000
6021652198300
6021685428200
6021718061500
6021751151100
6021784192200
6021817372800
6021850893200
6021883384000
6021916093200
6021949255700
6021982368400
6022015380500
6022049066300
6022081383200
6022114051900
6022147200500
6022180330900
6022213314700
6022246585800
6022279423100
6022312042000
6022345388700
6022378295500
6022411460400
6022444314400
6022477253700
6022510046200
6022543312600
6022576348300
6022609307300
6022642174500
6022675241600
6022708123300
6022741573000
6022774339000
6022807365100
6022840337900
6022873259000
6022906066000
6022939196600
6022972352700
6023005350100
6023038306000
6023071234500
6023105588800
6023137288600
6023170623700
6023203842100
6023236365500
6023269853200
6023302059800
6023335221600
6023368262700
6023401220800
6023435005300
6023467280400
6023501631200
6023533435400
6023566617900
6023599365400
6023632263800
6023665401400
6023698262100
6023731314900
6023764270200
6023797310900
6023830334900
6023863285900
6023896045300
6023929172500
6023962865700
6023995356100
6024028354900
6024061475400
6024094577100
6024127087200
6024160327200
6024193318200
6024226495200
6024262792800
6024292009700
6024325203300
6024360026600
6024391778800
6024424327700
6024461627600
6024490449400
6024523167800
6024556612400
6024589335100
6024622158900
6024655885600
6024688360200
6024721241000
6024754420700
6024787390600
6024820558600
6024853880200
6024886011800
6024919591200
6024952399700
6024985334400
6025018249200
6025051847200
6025084042400
6025117230000
6025150614400
6025183581100
6025216376800
6025249369300
6025282102600
6025315205300
6025348824900
6025381353300
6025414371100
6025447859100
6025480064200
6025513762600
6025546404700
6025580240700
6025612608500
6025645526400
6025678084300
6025711265800
6025744324100
6025777467800
6025810327100
6025843403900
6025877205600
6025909360000
6025942412800
6025975253500
6026008131600
6026041578100
6026074149400
6026107346700
6026140398400
6026173066500
6026206274200
6026239314600
6026271902700
6026305403200
6026338479500
6026371228600
6026404674100
6026437297700
6026470334900
6026503318800
6026536316800
6026569676100
6026602335700
6026635280900
6026668003600
6026701335200
6026734484800
6026767535500
6026800711500
6026833570600
6026866164100
6026900192700
6026932504000
6026965485500
6026998631100
6027031370700
6027064294300
6027097268200
6027130910900
6027163587700
6027196452700
6027229721000
6027262117600
6027295693300
6027328418600
6027361548600
6027394622400
6027427318500
6027461014900
6027493339400
6027526669200
6027560705300
6027593115900
6027625383100
6027658698600
6027691791500
6027725774300
6027757389800
6027790425300
6027823790800
6027856591800
6027889727800
6027922712800
6027955401600
6027989148800
6028021773600
6028054540600
6028087491000
6028120401600
6028153350300
6028186266100
6028219323400
6028252647900
6028287168200
6028318359400
6028351308500
6028384681800
6028417199200
6028450972700
6028484717700
6028516364600
6028549535500
6028582290500
6028616756300
6028648636900
6028682336500
6028714374100
6028748005200
6028780410700
6028813766200
6028846352300
6028879992800
6028912427400
6028945310500
6028978568600
6029011585600
6029044074700
6029078513300
6029110053900
6029143483700
6029176344400
6029209390500
6029242208300
6029275497100
6029308396100
6029341527300
6029374343600
6029407462400
6029440069200
6029474052800
6029506384100
6029539316600
6029572377900
6029605433300
6029638055600
6029671444800
6029704440500
6029737364300
6029770595600
6029803539700
6029836307100
6029869959200
6029902578400
6029935343900
6029968447000
6030001629000
6030034260500
6030067956200
6030100625300
6030133610300
6030166595200
6030199671200
6030232382300
6030266024200
6030298655200
6030331596600
6030364647600
6030397600100
6030430288900
6030464267000
6030496622300
6030529495800
6030562413500
6030595601400
6030628264500
6030661639800
6030694643400
6030727524700
6030760450200
6030800853800
6030828985200
6030860890500
6030893064800
6030925544700
6030958688200
6030991727800
6031024374900
6031059102300
6031090865500
6031123509100
6031156403500
6031189690200
6031222214100
6031256923300
6031288627000
6031321637900
6031354834200
6031390177400
6031420325900
6031455242900
6031486437000
6031519503000
6031552505100
6031585535900
6031618243500
6031652534900
6031684611700
6031717497500
6031750563400
6031783851500
6031816864100
6031851050500
6031884640200
6031915540900
6031948588400
6031981409700
6032014125900
6032048175600
6032080487000
6032113530400
6032146357300
6032179381100
6032212204500
6032245901200
6032278589600
6032311509900
6032344574000
6032377601400
6032410268000
6032443760100
6032476588400
6032509496600
6032542456700
6032575734700
6032608366200
6032641770600
6032674673300
6032707558600
6032740501500
6032773685200
6032806258200
6032839821100
6032872673600
6032905607200
6032938670200
6032971523900
6033004395200
6033037770200
6033070689400
6033103633400
6033136756500
6033169653700
6033202477600
6033235682100
6033268804400
6033301795700
6033334742100
6033367613200
6033400455100
6033433782600
6033467331000
6033500185600
6033533594100
6033565810600
6033598397700
6033631730500
6033664590500
6033697846400
6033730654400
6033763616600
6033796374700
6033829560200
6033863240500
6033895901100
6033928790300
6033961615700
6033994688000
6034027715200
6034061046700
6034093675400
6034126671000
6034160186800
6034192712300
6034225660400
6034260365200
6034291829200
6034324985200
6034357818100
6034390413200
6034425042700
6034459448400
6034490794300
6034522644900
6034555632900
6034588442000
6034621615000
6034655269900
6034687949400
6034720730700
6034754607100
6034786783100
6034819903500
6034854676700
6034885622600
6034927919500
6034956760600
6034987094300
6035017541100
6035051204300
6035083728900
6035116935200
6035150598000
6035182549200
6035216080200
6035250550200
6035281751100
6035315412600
6035347660700
6035380426500
6035413612000
6035446996600
6035479755800
6035512666000
6035545606900
6035578393900
6035611562100
6035644662600
6035677588000
6035710588600
6035743597600
6035776372500
6035809783200
6035842603500
6035875662800
6035908803100
6035941588200
6035974407400
6036007584100
6036040611400
6036073765900
6036106710900
6036139588200
6036172391500
6036205546800
6036238613800
6036271706900
6036304620600
6036337616500
6036370398700
6036403659400
6036436619800
6036469750400
6036502559100
6036535554300
6036568388300
6036601591600
6036634699400
6036667634500
6036700592200
6036734203000
6036767006100
6036799591000
6036832588500
6036865679400
6036898584600
6036931572600
6036964393200
6036997540300
6037030616800
6037063664800
6037096932500
6037129599400
6037162424600
6037195615400
6037228621200
6037261861600
6037294608500
6037327611600
6037360403000
6037393554800
6037426648600
6037460531200
6037492581900
6037525598200
6037558359800
6037591548700
6037625215800
6037658376600
6037690911200
6037723769600
6037756229800
6037790948900
6037822631800
6037857670400
6037888401400
6037921639700
6037954673200
6037987801200
6038021193100
6038054035100
6038086522300
6038120072300
6038152068600
6038185469100
6038218338900
6038252093900
6038284549700
6038317619900
6038351330600
6038384748900
6038417801000
6038450858200
6038482817000
6038515530800
6038548089700
6038581231000
6038614304600
6038647870800
6038680404500
6038713315900
6038746258300
6038779591700
6038812289700
6038845422400
6038878216900
6038911219800
6038944050200
6038977197300
6039010281000
6039043231100
6039076209200
6039109257000
6039142047000
6039176043500
6039208536600
6039241494800
6039274226000
6039307283400
6039340189800
6039373293100
6039406250100
6039439466200
6039472203600
6039505211300
6039538025000
6039571261100
6039604487400
6039638646400
6039670308900
6039703232200
6039736030900
6039769128100
6039802216700
6039835400400
6039868213700
6039901230000
6039934055500
6039967190100
6040000413300
6040033614100
6040066306400
6040100554700
6040132265100
6040165859400
6040198485400
6040231502600
6040264256900
6040297214500
6040330056600
6040363284200
6040396335100
6040429239600
6040462242200
6040495178200
6040528293500
6040561261900
6040594123800
6040627076500
6040660393100
6040693076600
6040726109600
6040758913100
6040791985300
6040825184000
6040858341900
6040890990300
6040923753500
6040956892200
6040990050400
6041023234000
6041058045300
6041090101500
6041121708700
6041154884700
6041189112200
6041221058000
6041254513900
6041286935900
6041320156400
6041353052700
6041386444400
6041418970800
6041452487800
6041485926700
6041518473100
6041552541800
6041585344900
6041617537600
6041653163600
6041685175400
6041717322800
6041749203400
6041782085800
6041816011300
6041848632400
6041880948700
6041913717300
6041947215800
6041980565300
6042013199900
6042046163500
6042078925300
6042111699500
6042144905800
6042177918600
6042210943100
6042243905600
6042276904500
6042309707900
6042342874100
6042375933700
6042409040100
6042442030800
6042475191600
6042508008300
6042540954000
6042574030300
6042607025800
6042639886600
6042673484000
6042705752300
6042738887600
6042771920400
6042805023300
6042838486600
6042871195900
6042903759100
6042937066900
6042970221200
6043003151000
6043036114600
6043069048000
6043101806500
6043135283600
6043168055000
6043201144700
6043234196900
6043267006100
6043300340100
6043333094000
6043366101400
6043399240400
6043432063400
6043466129800
6043497798700
6043530965100
6043564047100
6043597186500
6043630619300
6043663319600
6043695826700
6043728967400
6043762054900
6043795143000
6043828113100
6043861064700
6043893882400
6043926984600
6043960153100
6043993210900
6044026227700
6044059333200
6044091954300
6044125251500
6044158238400
6044191288200
6044224295100
6044257241900
6044289993400
6044323340700
6044356302300
6044389386600
6044422242100
6044455856900
6044488071900
6044522169900
6044554500600
6044587324500
6044620683200
6044654481200
6044686114800
6044719185300
6044752282400
6044785698600
6044818785200
6044851866800
6044884870700
6044917598100
6044967697600
6044995118800
6045024481200
6045054395500
6045084649500
6045117793200
6045152120900
6045184535800
6045217049000
6045251968500
6045282062100
6045316949500
6045348567700
6045381355400
6045414311100
6045447884500
6045480819900
6045513529600
6045546243300
6045581511900
6045612209400
6045645233400
6045677872700
6045711184400
6045744139500
6045777257600
6045810206800
6045843607700
6045875902100
6045909169400
6045942065500
6045975183200
6046008222600
6046041256700
6046073918700
6046107058700
6046140149800
6046173174700
6046206197600
6046239159800
6046271922200
6046305172800
6046338137200
6046371431400
6046404473200
6046437155300
6046469968900
6046503154900
6046536212900
6046569047800
6046602105500
6046635313300
6046667989800
6046701173900
6046734174700
6046767294200
6046800544300
6046833456400
6046866114500
6046899395700
6046932361800
6046965487800
6046998550100
6047031578800
6047064372400
6047097620300
6047130579700
6047163624600
6047196826100
6047229582800
6047262475200
6047295592300
6047328595400
6047361647600
6047394601600
6047427532300
6047460489800
6047493645000
6047526617900
6047559711600
6047592677400
6047625669400
6047658464100
6047691544900
6047724620100
6047757786800
6047790629700
6047823752300
6047858638600
6047889505900
6047922567300
6047955607100
6047988606800
6048021521200
6048055286000
6048087659000
6048120549000
6048153830800
6048187147400
6048220756900
6048252929400
6048286195200
6048318830300
6048351790800
6048384834900
6048417569300
6048452438800
6048484963700
6048517328700
6048551541400
6048582499300
6048616931600
6048648718500
6048682164100
6048715042300
6048747815700
6048780894800
6048813706700
6048846748300
6048879461000
6048912838000
6048945861900
6048978512300
6049011726000
6049044383700
6049078018600
6049111071900
6049143613300
6049176524400
6049210673600
6049242302300
6049275357200
6049308580000
6049341724500
6049374764900
6049407587100
6049440566100
6049473458300
6049506615600
6049539425400
6049572449200
6049605493600
6049638431900
6049671549600
6049704670400
6049737874000
6049770600100
6049803598500
6049836348700
6049869839000
6049917291600
6049945494900
6049974294000
6050006253100
6050034365100
6050068295700
6050100579500
6050133674900
6050166614700
6050199927800
6050232331500
6050265546400
6050298687500
6050331535500
6050364733500
6050397818100
6050430389900
6050463500800
6050496608600
6050529618700
6050562495300
6050595489800
6050628467300
6050661496900
6050694503300
6050727716300
6050760504400
6050793573000
6050826412100
6050859560400
6050892435800
6050925662800
6050958565300
6050991636500
6051024289800
6051060783100
6051090755700
6051123581500
6051156604600
6051189447800
6051222380400
6051256077500
6051288633500
6051321530600
6051354533200
6051387515000
6051420590500
6051454133100
6051486684600
6051519581700
6051552644300
6051585649400
6051618372900
6051653573400
6051686180400
6051718148400
6051751013100
6051783539200
6051816398700
6051850580900
6051882561000
6051915597500
6051949207800
6051981636300
6052014355500
6052048118000
6052080528500
6052113593400
6052146791700
6052180794900
6052212369100
6052245606600
6052278784400
6052311654200
6052345072400
6052377569500
6052410310400
6052443513300
6052476545100
6052509647400
6052542415500
6052575549200
6052608322000
6052641793200
6052675026400
6052707852200
6052749239500
6052776946500
6052806350200
6052839494700
6052872703600
6052905575300
6052938581900
6052971518900
6053004291600
6053037597200
6053070576500
6053103496400
6053137136400
6053169641500
6053202848100
6053235739500
6053268643300
6053301810500
6053334890700
6053367779800
6053400647200
6053433841200
6053466896900
6053500386800
6053533629200
6053566027300
6053598740500
6053631979200
6053665199600
6053698039300
6053731218800
6053764034700
6053796847800
6053830105700
6053863389000
6053896202800
6053929158400
6053962060900
6053994889100
6054028021600
6054061493700
6054094139000
6054127097000
6054160322000
6054192947300
6054226117200
6054272756000
6054301158500
6054329608100
6054364564000
6054394722900
6054425155300
6054458222700
6054490766200
6054523631400
6054556732100
6054589902300
6054622634400
6054656624200
6054688671100
6054721733500
6054754631200
6054787510900
6054820577400
6054854239000
6054886653900
6054919671600
6054952591500
6054985732100
6055019773400
6055052797700
6055084613300
6055117776900
6055151215000
6055183680900
6055217677300
6055252144200
6055285046400
6055317409400
6055351935500
6055381485000
6055414628100
6055452251600
6055480741900
6055513686200
6055547213000
6055581387300
6055612850100
6055647166400
6055679245200
6055711858600
6055744606800
6055777549100
6055811048900
6055843950300
6055876760000
6055909718500
6055942618500
6055975440300
6056008681900
6056041766200
6056074757500
6056107762600
6056140957200
6056173676800
6056206671000
6056241088300
6056272694700
6056305765900
6056338738200
6056371446900
6056404585200
6056437700300
6056470680800
6056503676100
6056536634700
6056569466100
6056602503300
6056635641500
6056668733500
6056701723000
6056734640600
6056767443800
6056800859900
6056833954200
6056866880500
6056901183700
6056933609600
6056965438400
6056998671400
6057031640600
6057064800200
6057097660200
6057130835100
6057163395100
6057199139500
6057229652200
6057262897800
6057295685800
6057328618700
6057361414600
6057394587300
6057427580100
6057461137100
6057493570500
6057526614200
6057559396500
6057592471200
6057625538900
6057658801600
6057691611500
6057724594200
6057757396200
6057790520700
6057823642400
6057858778000
6057889587400
6057922576700
6057955381600
6057988636400
6058021727700
6058055630400
6058087882100
6058120740300
6058153481200
6058186457600
6058219720900
6058275090900
6058305069100
6058335904400
6058363338100
6058392441100
6058425422800
6058458543900
6058491329600
6058524268600
6058557171000
6058590351200
6058623341400
6058656879300
6058689361200
6058722305200
6058755081400
6058788250500
6058821723400
6058855037000
6058887362500
6058920229400
6058953049200
6058986236400
6059019285800
6059053270000
6059085374500
6059118327300
6059151080100
6059184718300
6059217492400
6059251064200
6059283614000
6059316782000
6059349321700
6059382290200
6059415688400
6059450432000
6059481501900
6059514937700
6059547056600
6059580859000
6059613449800
6059647795600
6059679277500
6059712158700
6059745074800
6059778603500
6059811309000
6059844344400
6059877242000
6059911039200
6059943078600
6059976249600
6060009546700
6060042340800
6060075409600
6060108527900
6060141097700
6060174298200
6060207303900
6060240491000
6060273683400
6060306253400
6060339029600
6060372142600
6060405232400
6060438265900
6060471611200
6060504158500
6060536951400
6060570589700
6060603077400
6060636163000
6060669019100
6060702275000
6060734796600
6060767776800
6060801104600
6060834061000
6060867251100
6060901856400
6060932773700
6060965795000
6060998791800
6061031990500
6061064778100
6061097859000
6061130849300
6061163719400
6061196769000
6061229748500
6061262711100
6061295703100
6061328716100
6061361649100
6061394760800
6061427866500
6061460837900
6061493716100
6061526758100
6061559638500
6061592801400
6061625669100
6061658960400
6061691673200
6061724643700
6061757641800
6061790697600
6061823799100
6061857640900
6061889666800
6061922486400
6061955698700
6061988668100
6062021697100
6062055252200
6062087649900
6062120482900
6062153609100
6062186660600
6062219764900
6062252756400
6062285871500
6062318482800
6062351630300
6062384939300
6062417679500
6062451200100
6062484067300
6062516862900
6062550299000
6062582717200
6062615758600
6062649615800
6062681714800
6062714470400
6062747610100
6062780950500
6062813744000
6062847011400
6062880034400
6062912499800
6062945638500
6062979274700
6063011847800
6063044870100
6063077691000
6063112047100
6063143717400
6063176693000
6063209867300
6063242805700
6063275635900
6063308616600
6063341810900
6063375106500
6063407753600
6063441358500
6063473674800
6063506409000
6063539612600
6063572593300
6063605765500
6063638638500
6063672214600
6063704581800
6063737904100
6063771263300
6063803759800
6063836682700
6063869812700
6063902734500
6063935604400
6063968690800
6064001663400
6064034717700
6064067657600
6064100421700
6064134232100
6064166848700
6064200437000
6064232870700
6064266115100
6064298457700
6064331756200
6064364886400
6064397827400
6064430800500
6064463701400
6064496658600
6064531192400
6064563007400
6064595800700
6064628802500
6064661982000
6064694693000
6064727781000
6064760693000
6064793745600
6064826690800
6064859673200
6064892563000
6064925620400
6064958734900
6064991926400
6065025006700
6065057985100
6065090456600
6065123953400
6065156634100
6065189735900
6065222621000
6065255649800
6065288466500
6065321634500
6065354866500
6065387882600
6065420928400
6065453705100
6065486521600
6065519815800
6065552961600
6065607892300
6065636851000
6065670739200
6065696776000
6065726483000
6065756612600
6065789418900
6065822571700
6065856063600
6065888249000
6065921402100
6065954485500
6065987578100
6066020710000
6066054695200
6066086456100
6066119421700
6066152462700
6066185501200
6066218626600
6066252070800
6066284288400
6066317417200
6066350583000
6066383713400
6066417019500
6066451051300
6066482298700
6066515502300
6066548803200
6066581565700
6066615827200
6066647949900
6066680220600
6066713506000
6066746477900
6066779575000
6066812494900
6066845521600
6066878254700
6066911478800
6066945174600
6066977465400
6067012095600
6067044225500
6067076213700
6067110968000
6067143015200
6067175434000
6067208372400
6067241898900
6067274160100
6067307563300
6067340578600
6067373725800
6067406349500
6067440529000
6067472119200
6067505362400
6067538296100
6067571442400
6067604728000
6067637606200
6067670210100
6067703224000
6067736375000
6067769312800
6067802300400
6067835351100
6067868096700
6067901228200
6067934680300
6067967461900
6068000569000
6068033499200
6068066158200
6068100828600
6068132239200
6068165324100
6068198254000
6068231194100
6068264110700
6068297161000
6068330169600
6068363420600
6068396649800
6068429178500
6068462112500
6068495090100
6068528425100
6068561284600
6068595215700
6068627156600
6068659938600
6068693101700
6068726144200
6068759181100
6068792178100
6068825138700
6068858494000
6068891090100
6068924165500
6068957246700
6068990182800
6069023057600
6069056522100
6069089093500
6069122147900
6069155227800
6069188012300
6069221173400
6069254731800
6069287043500
6069320100500
6069353243400
6069386099700
6069419483100
6069452562300
6069485010000
6069518053300
6069551167100
6069584274800
6069617146200
6069650644000
6069683673600
6069717172700
6069749291000
6069781991900
6069815030300
6069848381800
6069880945900
6069913986900
6069947081800
6069980048100
6070012971500
6070045768300
6070078911700
6070113380600
6070145048300
6070177980400
6070211110700
6070243767000
6070277081400
6070309957900
6070342957500
6070376000800
6070409948300
6070442175700
6070475053300
6070508498500
6070541489500
6070574678300
6070607568300
6070639797300
6070673156700
6070705937000
6070739609700
6070772104100
6070805212000
6070837747600
6070871209300
6070904055100
6070937171800
6070969998900
6071003092400
6071035713900
6071069008700
6071102073200
6071135004400
6071167875600
6071201692100
6071233826200
6071266963400
6071300919400
6071332902800
6071366160900
6071398944900
6071431618600
6071465099700
6071497895400
6071530938600
6071563893300
6071596833100
6071629612600
6071662771600
6071695812900
6071728917300
6071761842300
6071794863600
6071827847300
6071861092400
6071893928600
6071927124700
6071960038300
6071992733200
6072025577700
6072058938000
6072091783100
6072124898800
6072157753000
6072190863700
6072223549400
6072256830200
6072289806900
6072322799800
6072355979200
6072388751700
6072421926600
6072455651900
6072487750800
6072520895600
6072553846800
6072586917300
6072619582600
6072653992100
6072686161900
6072718858000
6072751786000
6072784762000
6072817582400
6072851406800
6072884550100
6072917100500
6072950951600
6072983537100
6073031243300
6073061463500
6073091215800
6073122792700
6073155390300
6073187494700
6073220711600
6073255413600
6073287657600
6073320975700
6073353929300
6073387357300
6073419657700
6073451609800
6073484218200
6073516227200
6073548606700
6073585264100
6073614593300
6073643879500
6073677091500
6073709921000
6073743274300
6073775866900
6073808671400
6073841965100
6073875610300
6073908285900
6073940816500
6073973969700
6074006753200
6074041145200
6074073438100
6074106495100
