6245117535800
6245150670600
6245183616700
6245216178300
6245249402600
6245282473100
6245315272400
6245348428900
6245381209800
6245414109600
6245447388500
6245480288400
6245513455100
6245546519000
6245579243200
6245612347800
6245645376900
6245678549700
6245711328400
6245744637700
6245777460200
6245810285900
6245843824000
6245876511100
6245909332800
6245945291900
6245975240500
6246008133900
6246041318600
6246075183500
6246107765500
6246140376500
6246173527600
6246206129200
6246239588700
6246272656400
6246306122700
6246338925700
6246371636700
6246404404900
6246439392800
6246470359700
6246504985500
6246536896800
6246569322300
6246602214600
6246635297200
6246668514700
6246708887900
6246734534700
6246767495700
6246800820800
6246835041800
6246866463000
6246901977600
6246933212900
6246965406200
6246998051800
6247031269800
6247064282700
6247098291800
6247130378900
6247163171700
6247196426100
6247229275600
6247262247900
6247295875300
6247328336400
6247361245400
6247394060800
6247427360900
6247460290600
6247493999200
6247526311900
6247559189400
6247592078400
6247625312600
6247658271800
6247692027900
6247724434200
6247757286100
6247790110600
6247823383200
6247856625500
6247889281800
6247922279900
6247955188300
6247988039300
6248021379100
6248054470600
6248087285300
6248120313600
6248153186800
6248186067900
6248219354400
6248252275700
6248285550500
6248318712500
6248351232700
6248384307300
6248417358600
6248450768300
6248484294200
6248516224700
6248549172800
6248582075100
6248615280300
6248648284300
6248681400300
6248714279500
6248747411100
6248780023100
6248813333400
6248846298600
6248879215800
6248912461900
6248945242500
6248978049900
6249011217900
6249044231000
6249077230700
6249110449200
6249143145200
6249176058300
6249209217900
6249242227000
6249276455500
6249310115700
6249341152400
6249374121400
6249407501800
6249440248100
6249475171100
6249506582400
6249539217000
6249572948000
6249605796400
6249638199100
6249671361200
6249706775400
6249737196400
6249770020800
6249810280600
6249837291900
6249869226400
6249905149400
6249935222600
6249968052000
6250001245700
6250037644800
6250068795900
6250106184200
6250136283200
6250167041800
6250199534900
6250235225200
6250265329500
6250299737600
6250331120300
6250364214500
6250397211700
6250430326900
6250463235500
6250497083800
6250529230600
6250562239900
6250595602000
6250628200900
6250661186300
6250694819500
6250727108800
6250760031400
6250794158900
6250826214900
6250859188900
6250893045200
6250925564200
6250958095600
6250991297100
6251024179000
6251057245200
6251090457400
6251123120200
6251156052600
6251189277700
6251222261100
6251255193500
6251288348600
6251321113400
6251353967800
6251387256700
6251420338000
6251453174000
6251486229500
6251519290900
6251552012400
6251585228500
6251618236600
6251651208100
6251684755200
6251717482200
6251750020600
6251783211200
6251816423500
6251850239600
6251882230800
6251915196400
6251948276400
6251981185400
6252014195100
6252047239400
6252080320300
6252113218600
6252145987100
6252179200000
6252212426200
6252245263700
6252278216200
6252311193900
6252344072000
6252377261500
6252410206300
6252443281200
6252476597800
6252509169400
6252541998800
6252575459000
6252608233500
6252641327000
6252674871600
6252707205500
6252740010300
6252773154300
6252806179100
6252839185000
6252872539600
6252905109300
6252938050000
6252971191700
6253005664000
6253037183200
6253070232800
6253105527300
6253135960500
6253169989000
6253202226700
6253235672700
6253268154100
6253301762700
6253334808900
6253368577900
6253400370200
6253435185300
6253466336200
6253501042800
6253532029000
6253565408400
6253598305200
6253631281400
6253664245400
6253698210600
6253729963400
6253763228500
6253796129800
6253829165900
6253862227400
6253895936100
6253927969000
6253961271400
6253994209800
6254027176400
6254060230900
6254093772600
6254125969900
6254159834300
6254192197000
6254225293400
6254258224700
6254291619100
6254324600700
6254357187900
6254390174400
6254423173000
6254456191200
6254489100200
6254521968900
6254555163100
6254588167100
6254621247600
6254654222100
6254687091200
6254719990100
6254753187700
6254786321900
6254819154100
6254853640900
6254885062200
6254917955500
6254951288800
6254984264300
6255017331800
6255051019800
6255083084900
6255116035500
6255149156300
6255182362300
6255215140700
6255248196500
6255281340600
6255314099700
6255347398500
6255380183500
6255414330500
6255446137200
6255479248700
6255512002200
6255545164500
6255578154900
6255611216500
6255644180900
6255677104000
6255709995200
6255743241500
6255776134700
6255809161500
6255842236900
6255875072200
6255908009400
6255941243900
6255974227700
6256007175200
6256040476300
6256073816000
6256106505800
6256139797100
6256172263200
6256205174500
6256239628800
6256271184200
6256303966600
6256337382900
6256370912400
6256403280100
6256436741800
6256469318400
6256505302200
6256535389000
6256570618500
6256601809900
6256635517100
6256670007900
6256706508000
6256733246700
6256768116800
6256800034700
6256832144300
6256865133300
6256898574500
6256931209500
6256964163900
6256997365500
6257030642000
6257063055200
6257097097600
6257129106600
6257162143100
6257195110900
6257228131200
6257261049200
6257294542600
6257327146000
6257360159200
6257394237800
6257426166200
6257459063300
6257492475200
6257525143400
6257558141100
6257591138400
6257624186100
6257657141800
6257690072000
6257723323200
6257756163600
6257789360500
6257822128400
6257855049500
6257888016500
6257921244300
6257954172800
6257987227700
6258020119200
6258053856200
6258085914600
6258119197100
6258152126100
6258185123000
6258218349700
6258251164800
6258283997200
6258317162800
6258350232800
6258384409600
6258416203100
6258449109500
6258481924400
6258515406200
6258548131200
6258581112600
6258614360800
6258647260300
6258679938800
6258713586500
6258746153000
6258779123000
6258812150700
6258845039700
6258878016500
6258911341500
6258944092200
6258977134800
6259010138800
6259043093900
6259075958200
6259109188200
6259142113800
6259175129700
6259208089500
6259241032700
6259273917000
6259307198100
6259340096500
6259373393200
6259406733100
6259439049600
6259471958100
6259505341100
6259538142800
6259571109100
6259604640900
6259637082900
6259669890300
6259706738600
6259736088400
6259769179900
6259802451100
6259835370300
6259868082100
6259905632400
6259935231400
6259968262200
6260001576000
6260036692000
6260066126500
6260101061100
6260134786200
6260165682300
6260198175300
6260231031400
6260264183900
6260298160900
6260330100300
6260363176200
6260396170300
6260429020500
6260461907800
6260495976600
6260528110700
6260561111800
6260594141700
6260627027900
6260659968700
6260693796700
6260726095100
6260758992100
6260792100200
6260825035100
6260857896500
6260891573700
6260924118100
6260957103000
6260990090100
6261023054800
6261055892800
6261089119300
6261122111400
6261155115600
6261188108200
6261221152800
6261253920700
6261287032200
6261320201100
6261353517400
6261386124200
6261419006400
6261451905800
6261485055100
6261518115000
6261551062700
6261584797100
6261617150100
6261649917600
6261684530000
6261716122200
6261750585200
6261782183300
6261815064800
6261847966000
6261881082800
6261914193700
6261947121400
6261980054000
6262013138700
6262045865400
6262079030500
6262112091300
6262145041100
6262178086800
6262211011200
6262243846500
6262277067900
6262310111100
6262343314700
6262376093600
6262409009200
6262441925700
6262475085500
6262508231700
6262541060900
6262574120500
6262607008400
6262639859800
6262673127600
6262706388600
6262739075700
6262772088100
6262805012400
6262837895200
6262871144000
6262905648600
6262937394800
6262970605300
6263003004400
6263035882300
6263069582500
6263103082100
6263135556700
6263168473400
6263201585200
6263234838700
6263267818400
6263302030600
6263333164800
6263368298900
6263399189200
6263431907000
6263465379800
6263499407900
6263531229200
6263564421600
6263597750400
6263629853200
6263663410500
6263698198600
6263729042400
6263762051800
6263794988700
6263827889900
6263861248400
6263894649800
6263927086400
6263960055400
6263992950400
6264025854300
6264059050300
6264092608300
6264125023300
6264158066500
6264190956000
6264223910900
6264257052800
6264290252400
6264323880300
6264356071100
6264388997800
6264421838500
6264455031700
6264488082200
6264521007800
6264554098200
6264587031600
6264619851800
6264653140200
6264686101400
6264719014000
6264752162900
6264785008900
6264817888300
6264851104100
6264884794200
6264917548000
6264950252600
6264984337400
6265015866600
6265049025600
6265082167800
6265115272100
6265148081900
6265181544500
6265214487200
6265247567500
6265280169200
6265313184000
6265346038000
6265378923900
6265411846600
6265445023200
6265478151900
6265511215400
6265544035300
6265576977600
6265609823100
6265643054700
6265676082200
6265709048400
6265742165600
6265774937000
6265807849900
6265842320200
6265874285000
6265907132200
6265940041500
6265972967000
6266005827200
6266038987400
6266072219600
6266105679300
6266138058700
6266171088700
6266203826200
6266237365600
6266270302700
6266304926000
6266336118200
6266368998400
6266401851800
6266436194700
6266468222100
6266505227100
6266534245600
6266567728200
6266599848600
6266636779400
6266666363400
6266700164400
6266732314300
6266764972800
6266797865300
6266832096800
6266865156700
6266899479700
6266930817300
6266962910900
6266995840100
6267029095200
6267062078200
6267095848900
6267128010500
6267160989600
6267193803000
6267227123500
6267259997800
6267293902700
6267326197700
6267358929000
6267391867900
6267425179800
6267457987400
6267491430700
6267524270600
6267556941200
6267589794000
6267623197400
6267656006200
6267688975900
6267721988600
6267754889300
6267787901100
6267820970100
6267854119700
6267887224300
6267920080500
6267952928300
6267985820900
6268018983200
6268052050500
6268085004800
6268118068300
6268150925500
6268185048600
6268217482300
6268250018600
6268284168000
6268316062700
6268349036500
6268381911500
6268415037300
6268448036800
6268481018900
6268514200400
6268547098700
6268579826400
6268613077000
6268645936900
6268679184900
6268712023400
6268744955700
6268777792400
6268811277500
6268844080500
6268876958700
6268910169700
6268942885800
6268975770400
6269009000700
6269041981500
6269074952400
6269108044400
6269140922300
6269173903300
6269207045800
6269240151000
6269273059300
6269306003000
6269338904500
6269372049200
6269404998900
6269438201600
6269470972100
6269504683000
6269536963500
6269569801900
6269603186800
6269635973500
6269668974800
6269704348900
6269735239200
6269768667700
6269801237100
6269834830800
6269868197900
6269901267600
6269935562000
6269965802600
6269999591800
6270032009900
6270064973200
6270099522700
6270130926800
6270164917100
6270197824800
6270231039700
6270264112300
6270297199200
6270328978000
6270361760600
6270395023300
6270428205200
6270460905600
6270494790400
6270526923400
6270559774600
6270593000600
6270625929400
6270658916500
6270692567700
6270724910600
6270757752200
6270790935200
6270824545000
6270857090400
6270890048500
6270923089600
6270955762200
6270988951400
6271021943300
6271054954900
6271088102800
6271120900900
6271153993000
6271187045400
6271219951100
6271252930900
6271285963100
6271318870700
6271351756500
6271385198400
6271417985300
6271451168900
6271484070100
6271517399800
6271549768500
6271584608400
6271615933900
6271649036400
6271681950100
6271714982300
6271747762200
6271780915500
6271814235700
6271847075200
6271879947700
6271912877000
6271945717000
6271978934800
6272011937200
6272044928000
6272077981200
6272111100700
6272143823300
6272176954400
6272209946600
6272242959900
6272275895400
6272308892200
6272341699000
6272375022600
6272407937700
6272440883900
6272473872100
6272506856600
6272539676100
6272573199500
6272605863400
6272638875600
6272671977700
6272704916600
6272737744100
6272770950800
6272803989300
6272836942700
6272869937400
6272903491800
6272935720700
6272968910700
6273001914300
6273036104000
6273068721500
6273102834400
6273133701200
6273167217400
6273201248000
6273234582100
6273266249100
6273299513500
6273331729100
6273365588200
6273397931600
6273431070300
6273464531400
6273498159300
6273529890700
6273562946600
6273595883600
6273630590500
6273661934800
6273695499700
6273727732000
6273761316900
6273795219900
6273827325600
6273860332500
6273893535500
6273925723100
6273958910100
6273991996900
6274024909300
6274058056600
6274091224600
6274123777400
6274157342900
6274189959900
6274222909700
6274255910800
6274288875400
6274321664100
6274354914600
6274387918800
6274420907600
6274453944300
6274486921400
6274519792500
6274552911600
6274585889600
6274618959600
6274651938400
6274684855600
6274717753300
6274750890600
6274784434200
6274817260600
6274850728500
6274882840600
6274915798600
6274949512700
6274982189700
6275014961400
6275047953700
6275080790800
6275113905500
6275147025700
6275179887100
6275212880500
6275247547500
6275278819000
6275311707900
6275344886500
6275377898200
6275410796300
6275443915600
6275476870500
6275509727800
6275542874700
6275575906200
6275608897500
6275641942100
6275674872100
6275707719500
6275740889300
6275773865400
6275806897200
6275840291600
6275872908100
6275905710800
6275938909200
6275971904500
6276005007700
6276037931100
6276070875700
6276104664800
6276136895500
6276169941300
6276202911200
6276235837600
6276269276200
6276301729700
6276335041400
6276367909600
6276400966500
6276434985200
6276466880600
6276500512900
6276533059800
6276566072700
6276599179000
6276631994800
6276664821500
6276698651000
6276730871000
6276764409300
6276797281500
6276831285500
6276862876200
6276896485600
6276928875000
6276962094800
6276994884900
6277027989300
6277060886600
6277094662100
6277126886800
6277159858700
6277193358100
6277226043500
6277258796100
6277292238800
6277325638800
6277358090800
6277390845800
6277424173800
6277456909600
6277489732200
6277523298500
6277556177000
6277588849100
6277622121400
6277654812700
6277687686800
6277720966300
6277755114600
6277787039900
6277819876000
6277852860100
6277885687800
6277918864400
6277951852200
6277984871800
6278017895800
6278050772400
6278084020300
6278117450800
6278150092000
6278183173400
6278216148400
6278248828100
6278281681900
6278314817200
6278347833600
6278380848000
6278414332300
6278446853400
6278479687600
6278513290500
6278545866800
6278578821000
6278611987200
6278644831900
6278677646900
6278711003100
6278744234200
6278776768900
6278809869600
6278842753400
6278876063000
6278908881100
6278941834600
6278974889300
6279007863100
6279040784800
6279073647700
6279106896500
6279139810700
6279172821100
6279205856700
6279238749900
6279271690600
6279305038400
6279337929300
6279370822200
6279404107300
6279436874700
6279469655100
6279503618300
6279535872600
6279568850000
6279601880700
6279634760600
6279667742800
6279702922600
6279733902700
6279766846300
6279799844300
6279832770200
6279865714700
6279899798700
6279931818100
6279964913300
6279997845100
6280030817300
6280064165300
6280098020200
6280129943300
6280162824200
6280196660500
6280229154800
6280261639900
6280295737600
6280327907600
6280360874100
6280393976100
6280426835500
6280459635600
6280493869600
6280525864800
6280559315600
6280592249600
6280624798100
6280657665400
6280691358700
6280725393200
6280756931800
6280789799600
6280822782600
6280855609100
6280889021900
6280922066500
6280954913800
6280987788700
6281020879700
6281053631700
6281086945500
6281119882000
6281153179600
6281186055400
6281218875900
6281251639500
6281284802500
6281318129700
6281350784600
6281384191900
6281416815700
6281449628100
6281482891300
6281515802900
6281548868900
6281581824300
6281614728700
6281647699500
6281680830400
6281713865200
6281746784500
6281779892700
6281812745600
6281845621700
6281878816500
6281911892200
6281944807000
6281977817700
6282010716900
6282043643100
6282076748900
6282109813300
6282142849700
6282175885800
6282208869400
6282241813600
6282274877200
6282307888300
6282340756200
6282373831500
6282406789500
6282439580300
6282472812200
6282505761500
6282538926800
6282571936900
6282604824300
6282637612900
6282670778000
6282704552400
6282736774900
6282769943900
6282802779500
6282835600500
6282868863100
6282903309600
6282934803400
6282967844500
6283000715700
6283034221000
6283066875600
6283100571100
6283132896500
6283165819500
6283198925500
6283231590900
6283264781500
6283298677300
6283330759000
6283363791600
6283396770400
6283429769900
6283462778100
6283496773900
6283528827300
6283562338800
6283594751200
6283627947700
6283661102300
6283694680800
6283727130900
6283759794100
6283792803200
6283826029400
6283858940900
6283892764200
6283925382800
6283958286600
6283990727700
6284023594000
6284057139900
6284090223900
6284123304900
6284155756400
6284188754800
6284221576600
6284255806800
6284287955500
6284320783400
6284353774800
6284386727000
6284419563700
6284452709700
6284485785100
6284518757500
6284551939400
6284584748800
6284617745500
6284650836900
6284684214500
6284717542100
6284750953300
6284783011200
6284815584000
6284848762600
6284881827900
6284914812300
6284947740600
6284980737200
6285013565100
6285046853000
6285079996600
6285113549800
6285146030500
6285178737200
6285212192000
6285244764800
6285278343800
6285310810800
6285343809300
6285376751900
6285409806300
6285443175100
6285476608000
6285508822400
6285542011200
6285574717300
6285607644600
6285640770100
6285673773100
6285706760300
6285739766800
6285773480500
6285805548600
6285838754000
6285871966600
6285905088000
6285937767300
6285970675400
6286003602300
6286036993300
6286069776600
6286103779800
6286135769200
6286168781800
6286201563500
6286234747100
6286267868700
6286302109400
6286334193200
6286366848900
6286399624500
6286433079500
6286465818400
6286502108200
6286532251500
6286564662000
6286597557300
6286630795300
6286663881600
6286698045000
6286730004700
6286762752700
6286795571000
6286828750100
6286861946100
6286895514500
6286927804300
6286960678200
6286993650600
6287026807400
6287059790700
6287093723500
6287125979200
6287158817100
6287192055900
6287226114100
6287257861600
6287291324300
6287324757700
6287356692700
6287389568200
6287422806700
6287455990500
6287489061400
6287522443100
6287555181800
6287587624400
6287621011100
6287653732200
6287687098300
6287720075400
6287752661200
6287785545800
6287818730600
6287851952100
6287886454700
6287917860000
6287950635700
6287983761400
6288017566100
6288050867800
6288082691700
6288115849900
6288148809200
6288181558700
6288214759600
6288247712400
6288280728200
6288313809800
6288346630400
6288379510400
6288412736400
6288445730600
6288478706100
6288511659100
6288544705300
6288577556700
6288610709200
6288645085500
6288676904100
6288709804600
6288742598800
6288776405000
6288809574300
6288841986500
6288874686600
6288907771800
6288940608400
6288973527900
6289006764400
6289039677900
6289072701700
6289105759600
6289138635500
6289171504300
6289204870400
6289237770800
6289270685000
6289306209500
6289336638900
6289369516900
6289402645200
6289435715400
6289468607200
6289504485800
6289534625200
6289567621100
6289600680600
6289634279800
6289666700800
6289701255800
6289732701500
6289765520400
6289798655800
6289831892900
6289864722100
6289899101200
6289930828700
6289963533700
6289996644400
6290029711300
6290062770100
6290096946500
6290128641100
6290161525500
6290195071500
6290227710900
6290260717000
6290294537200
6290326883600
6290359492900
6290392707700
6290425679300
6290459202800
6290492474000
6290524737500
6290557472800
6290591127800
6290623975100
6290656740800
6290689804700
6290722626200
6290755807100
6290788936300
6290821937900
6290855535800
6290887760400
6290921157300
6290955294400
6290988069100
6291019680700
6291052830500
6291086387600
6291118683900
6291152343700
6291184889100
6291217652600
6291250641800
6291285522000
6291316756800
6291349517600
6291384624500
6291415888400
6291449211200
6291482138800
6291514592700
6291547476500
6291580690100
6291613893400
6291646885600
6291680080400
6291712870400
6291745528800
6291778673400
6291811708700
6291845018700
6291877729100
6291910656400
6291943477300
6291976693000
6292009654100
6292042647100
6292075684400
6292108696600
6292141472300
6292175696000
6292207926800
6292240727200
6292273722200
6292306940300
6292339450100
6292372664200
6292405665400
6292438678200
6292471781600
6292504658700
6292537655800
6292570870900
6292603669800
6292636638500
6292669609100
6292702633600
6292735586200
6292768812800
6292801809500
6292834609900
6292867809300
6292902311700
6292933850600
6292966592900
6292999894000
6293032845400
6293065718700
6293099521100
6293131436600
6293164637500
6293197646300
6293230663000
6293263777000
6293297776900
6293329459600
6293362605100
6293395952300
6293428622700
6293461686000
6293495299200
6293527456700
6293560640100
6293593646500
6293626617400
6293659663900
6293693192400
6293725634300
6293758817200
