x y z
-0.8669431713121067 0.0914901385897977 -0.042636612391473205
-0.8660603980221805 0.09255308975134056 -0.043268266715449956
-0.8664355272572364 0.09358155365322404 -0.043161392464015534
-0.866088979355944 0.09338780306456439 -0.042601854226898564
-0.864164327130808 0.09375551330124968 -0.04477529922349756
-0.8658405082508022 0.09554501989759195 -0.04310429216667578
-0.8677315666924758 0.09319118155865933 -0.041531555480116084
-0.8684509199256032 0.09277580520376903 -0.04044226521685582
-0.8693195330723881 0.0919478632088815 -0.040543238126923335
-0.8689011889254802 0.09042252219693453 -0.039520829629327396
-0.8678910809422568 0.09101380041862595 -0.04084896007074119
-0.8692573950910342 0.09182036098379381 -0.04139957716786136
-0.8683030421476919 0.09222729248802385 -0.041800126011055816
-0.8692621837291087 0.0909050979945505 -0.03989886890963619
-0.869655404006138 0.09345364887350341 -0.03975262228064093
-0.8676085105115033 0.0925545378221634 -0.04205254062361102
-0.8672881148938031 0.0922332097565464 -0.04115217041045749
-0.8676004498927582 0.09142239126487739 -0.040651657194249464
-0.8694043909451368 0.08941870375994578 -0.03700029014768142
-0.8696189942018887 0.09076570272017999 -0.03899226627454369
-0.8687212006948308 0.09148770722745786 -0.03993925245280004
-0.8694968799395522 0.09267057844416993 -0.04018533974547017
-0.8711423958885013 0.08768852800553019 -0.03207887562336117
-0.8718227270422636 0.08634200085426912 -0.03128203803821036
-0.8731448325691982 0.08439897700231169 -0.028315638292103793
-0.8725229621757362 0.08538920012350816 -0.028673948382223185
-0.8726785836349422 0.08359224901821138 -0.02852071427854468
-0.8706684383499856 0.08698467425820379 -0.02926676865087382
-0.8711577298090794 0.0874211830544526 -0.030416681655711403
-0.871007550480609 0.08873602275293735 -0.029883344558651083
-0.8717202212073383 0.08707221362419748 -0.028563002522510414
-0.8718001441357116 0.08561949811714797 -0.02811208591766657
-0.8724166166718328 0.08536797989043247 -0.02788715444510974
-0.8724804559481569 0.08493244190000566 -0.024586184284387757
-0.8721447851157462 0.08519360557730969 -0.02814204021228295
-0.8728184218579359 0.08246913964051873 -0.021862561649304432
-0.8707773504952242 0.08540884077401646 -0.027362477781220508
-0.8720654447610684 0.0863919420640913 -0.02708044827560521
-0.87065302620299 0.08624060804671908 -0.02514332730944194
-0.8707997080184502 0.0867443874658203 -0.028697644576232695
-0.8714794368955765 0.08679669349936522 -0.026854849205231946
-0.8718584889888027 0.08617071964603111 -0.027646688228473264
-0.8723255978218607 0.0865309196952283 -0.028702606381838365
-0.8741271001580669 0.08548995210466646 -0.02992056549069745
-0.8720875467547933 0.08719010530267828 -0.029355624361697003
-0.8713982667510896 0.08735588335341203 -0.029935371911939082
-0.8720450124582517 0.08758743920847827 -0.03006538183035935
-0.8713527517464804 0.08606713425700983 -0.02904308222547835
-0.8725593731434008 0.08786730620993227 -0.02770809960582385
-0.8739409881267728 0.08863159561592332 -0.025832738809965852
-0.8751663330032683 0.08681699033025769 -0.025688378105484563
-0.8747641403274247 0.08764141351710308 -0.02630766471970689
-0.8730079063543614 0.08859441298958577 -0.02866827224341665
-0.8716973385021994 0.08973466131272781 -0.029231769174577947
-0.8745244097028126 0.09092873442183935 -0.028442794943457785
-0.8720680414929076 0.08984872711368033 -0.030997088475149412
-0.8719464118417721 0.0897352376381812 -0.030284617591710392
-0.8730274247913512 0.08679507424960609 -0.02877662103386698
-0.8728716720089902 0.0884202682563503 -0.03096563564428159
-0.8694813320897032 0.09301428319107422 -0.03934332869977708
-0.8703231617115721 0.0930388801580008 -0.038569772622971885
-0.8680341242309638 0.09030830909364296 -0.038523349386228416
-0.8701990490743634 0.09305236136372085 -0.04018767793264544
-0.8715287255919234 0.09105958064182927 -0.04168123372317459
-0.8710047928503072 0.09272826588867472 -0.043721777469434925
-0.874433498873284 0.09105935870382299 -0.04128040081882144
-0.8739168011857154 0.09499597778118007 -0.04702704990991358
-0.8767591177362867 0.09317629446924279 -0.05137593661492244
-0.8738656469771574 0.09409291728110081 -0.05803174684232177
-0.8759381192117552 0.09915965441306532 -0.06417872266667729
-0.8763775331809076 0.1010106777067927 -0.06665628847718448
-0.873388420500748 0.10377639268022344 -0.07189096307401413
-0.8761450750571496 0.10468278092768277 -0.07753186433700773
-0.8773027498902971 0.10563292555278594 -0.08283900670251694
-0.8789576145498778 0.10346767175341225 -0.09125404397584225
-0.8815852376317003 0.10405468451001099 -0.09983541865790826
-0.8790954614130202 0.1058000187803819 -0.10508841959265458
-0.8818099907533851 0.10525084359845385 -0.1059520505795099
-0.8843155740600339 0.10819739961265655 -0.10743465528964427
-0.8848436960431649 0.11202643248705156 -0.10943379798789268
-0.8894140736890739 0.11230704896189013 -0.11905703526945888
-0.8933221494764915 0.11118930133840527 -0.11735929306789994
-0.896509437728853 0.11233872558918198 -0.12087042518627246
-0.9064028937224093 0.11257390840281237 -0.12031565240990609
-0.9139684953812834 0.11347056097016002 -0.12468430851279036
-0.922544254462904 0.11397972501896816 -0.12288092704453238
-0.9214283332012138 0.12001552226934781 -0.12501506201445023
-0.9218024590698701 0.11613683401131451 -0.11304441763136153
-0.928507575026784 0.11584787851803799 -0.10826830046039244
-0.9343477659577175 0.11339506835237724 -0.10941651278895685
-0.9495133545161962 0.11199093102739399 -0.0995952781710071
-0.9562106374148638 0.10984086609709498 -0.08959972442085543
-0.9633603086295195 0.10562372857083945 -0.08205901325306306
-0.9723164624540299 0.10921895573408753 -0.07380341593765073
-0.9888916835232887 0.10497126370794697 -0.048717985347330836
-1.0082627073876775 0.08954712433891505 -0.028573840340516132
-1.020393743015875 0.08442099236000718 -0.015611870342623624
-1.0252974067137495 0.09353879740026957 -0.008233329402396385
-1.0316517108867513 0.09954098943662415 -0.004623662109484811
-1.05161923918196 0.1004887225583411 0.004659493338845688
-1.0855913500495593 0.1008696038292574 0.012089699103054526
-1.0932996374057278 0.09912477363906595 0.018770770963426983
-1.1061465123641208 0.09910147375172362 0.02574512233209343
-1.119706868704258 0.09143611114988158 0.04902483613578015
-1.1317804903496256 0.0987228567138051 0.04986414369306362
-1.1677820316428287 0.09511597677806001 0.05925689008731305
-1.174116365472357 0.08964123618930717 0.06927151856574042
-1.1629472322109207 0.08558423685386844 0.0785737402340493
-1.188155270749387 0.08063607787214071 0.09139519756628067
-1.1960842572004233 0.07149247443530585 0.10110032283866
-1.212984699675447 0.08389607523208235 0.09556775010989729
-1.2387649517255372 0.08247338648147556 0.10137400354987794
-1.2463032746971106 0.07943685348219359 0.10670921744826581
-1.2347741705812414 0.08173603466489215 0.10915647456972513
-1.2320148798973023 0.07396872337272967 0.12300453081317128
-1.2526722568450226 0.08057721680444316 0.12240182563927421
-1.2475817137816059 0.07068611160612435 0.12222371636876483
-1.262740739614705 0.08510528252889384 0.10723099871924158
-1.2603320511811185 0.0767037714218769 0.11162045608340707
-1.223120738949273 0.10306998911078494 0.058895167067037374
-1.2284482363306182 0.10263005259853897 0.05589968723909734
-1.2323315308314977 0.09859848512474546 0.06290956602413052
-1.2404741972261548 0.10036326977990023 0.04603962202342296
-1.2489617421864754 0.09905922137141236 0.026850584583352363
-1.252868459927174 0.09893689092285851 0.026843807549085663
-1.255923690880351 0.09873413892114176 0.028858766185319365
-1.2585969907063679 0.10652740158632815 0.02030768860760665
-1.2801234696567452 0.10692539777776604 0.043968207816922664
-1.284962109968932 0.1134732535530273 0.03792392205638527
-1.292582446307172 0.11179376936385052 0.03378294445567677
-1.2950787756532343 0.11570789110082866 0.02302135966363028
-1.3162258986831934 0.10328573928067164 0.040084945163685756
-1.3221513739247397 0.10335888515205949 0.03948961678478845
-1.328922910378225 0.10388914947949723 0.038868101825213455
-1.334903497720502 0.10615397223426955 0.029946127721496296
-1.3378423468340712 0.10798690675182443 0.02900099980379453
-1.347971939654854 0.10742717420411335 0.027839173193423217
-1.3808381010778368 0.10821717782167531 0.052900983524684406
-1.388729299853924 0.10808596993563213 0.05253784352849662
-1.3966334226400927 0.10830460327219782 0.05218374541422899
-1.4001560339684203 0.1087510193576321 0.051670242462115545
-1.4072196441316156 0.1082308318786317 0.051326383001787435
-1.4115567474516484 0.10851413925516955 0.0518355900738421
-1.390957541973251 0.11140811422644396 0.025963211622269056
-1.392862268366939 0.11148342677249068 0.027594386152199987
-1.393004477588162 0.11136015636286857 0.027853740357751677
-1.4117676713779708 0.10779733992059379 0.05676977944934203
-1.4175468796763477 0.10283096422425606 0.06264377578196315
-1.425010708275614 0.10620099494719928 0.06777139663567683
-1.4283093357945122 0.10658766223552425 0.0665609203615797
-1.4428528875733733 0.10634784765618385 0.0704518956826219
-1.4579643397965003 0.10154679155026067 0.07506471255974005
-1.4748877348558285 0.10568165575373079 0.07601125957960174
-1.481860832757428 0.10713132390781166 0.07575502716398672
-1.4924059492793011 0.10807629658510268 0.08151128813253666
-1.4949180112163103 0.10949896811613592 0.08488359075524701
-1.5032526741611152 0.10930393307329997 0.09132582502925432
-1.5151108717519133 0.10822398849147752 0.10185639532923565
-1.5161650995908962 0.10725899935135152 0.09891333893247264
-1.5180085833504997 0.10970839338893716 0.1002099295908577
-1.5286249652583392 0.10834919778503202 0.10987761486800307
-1.522864831554645 0.10948867607334595 0.10979740487428208
-1.5425918899121815 0.11099638384297149 0.11085085707148931
-1.552441250503982 0.10830497839513356 0.12133199761714333
-1.5575633512951463 0.10595643442931459 0.1211827440660431
-1.5718416962448876 0.10952675113804505 0.1273767125501256
-1.5830976672514565 0.110712707783582 0.13577091495973265
-1.5942390375898703 0.11042165539494878 0.14274528934472144
-1.5989861753362695 0.11302623978760457 0.14391680238145174
-1.6074903517588524 0.11088951228304977 0.14810066284781137
-1.5917926168576166 0.11269787510092621 0.13567995998982468
-1.6011366913291005 0.11103943817379104 0.1371759158753595
-1.6100896943671057 0.11184370287558058 0.1376984476460454
-1.6399575885269402 0.10797130322685661 0.14520325841176712
-1.6255295535027092 0.10724642670377055 0.13311758266404963
-1.6390278266846305 0.10444019100008292 0.13722166409333203
-1.6435051501693125 0.10550439233395711 0.13026083599603974
-1.652065321238203 0.10549677576796657 0.12927584082366333
-1.6597055927048125 0.10334777895766767 0.12594428278644318
-1.6694247573912202 0.10496805454667744 0.1261644155499089
-1.681108579148915 0.10467209847949673 0.12427851907477266
-1.715772042565118 0.10334648182700007 0.13336648649246885
-1.7198983104632508 0.10721911826484222 0.13016431304051057
-1.7415976015011605 0.10506791007494516 0.1255739616444626
-1.7506247334676779 0.10270393520011897 0.12315813654338376
-1.787509494830126 0.1061549899325035 0.12967914400299532
-1.7934155076013454 0.10575323917341209 0.1204500038682034
-1.8171837727933093 0.1069456412446862 0.12358829944296457
-1.8182460701258227 0.10528237619713238 0.12270626623613745
-1.8333580434112742 0.10489122195518223 0.12327419728822903
-1.8497386303916608 0.10799957044805647 0.12299637883955983
-1.850111051313122 0.1071986534572844 0.12508968667692325
-1.861798328198988 0.10953661940138043 0.12660609075186924
-1.8724168059140156 0.10673118772380358 0.12757192377404394
-1.885863806489542 0.10258010269597333 0.13327601225775876
-1.9170034670303222 0.10693885509228199 0.13649265340405276
-1.9318567894133691 0.10675277320559977 0.13973499585582103
-1.938085577208418 0.10371283497332526 0.1469106073720646
-1.9523441681033324 0.09623771197325245 0.15324750926113406
-1.9707018599482977 0.09990467226074204 0.15854970472230434
-1.9849928424830328 0.09965910741535854 0.1617652021898353
-2.0016821929531754 0.1014813640167836 0.1617513810502169
-2.0143325530128946 0.09779549182975505 0.1658505435370017
-2.0252728621629634 0.09537347082478022 0.17888354156587738
-2.0378841016849307 0.10057223812142817 0.18443707263646122
-2.0502549923858018 0.10161143114608845 0.19129980700227503
-2.0631109716223976 0.10302333697884036 0.19072637476442916
-2.0802250436260983 0.10595324927306199 0.1989498512450823
-2.1008458525402585 0.094066398971128 0.20985073267091137
-2.1175741701359776 0.0973151955217042 0.21772562286819086
-2.1478770351983707 0.09651468705399446 0.21932623342479896
-2.18389129176394 0.10198790398368617 0.2254317697451001
-2.222440918644322 0.10449125971704393 0.22631892802942316
-2.2613039459309263 0.10867267126234827 0.22954390025379817
-2.2958328230065437 0.111318969672554 0.2311798144977713
-2.281932101629626 0.11744746636968806 0.2620765056518166
-2.29678678288138 0.11773437341165244 0.2640153373435541
-2.3127054286357813 0.11118029945064062 0.27950178386519625
-2.33357626909598 0.10784365352188766 0.2812290042028181
-2.327637702690872 0.1146069156122181 0.2817740941585388
-2.338967831202998 0.11403310048926331 0.28377396972840635
-2.3574190258136474 0.11846513233678074 0.28631282217555126
-2.37520289882504 0.11435703268455347 0.28367382626068044
-2.3936723055121263 0.10202273510356373 0.2860238679664735
-2.412392335392002 0.1006056616086062 0.2823439830937264
-2.420503851831673 0.10012018536819123 0.2906384756941681
-2.4360264156524476 0.09805562087618606 0.28779537189288473
-2.45128480177124 0.10509809213499605 0.2793176315079728
-2.4608041815172625 0.1044386212707006 0.2780461689164327
-2.4713997266470895 0.09939067074820844 0.2798473223013045
-2.486593540824013 0.0975238904318948 0.2781274472824002
-2.4988868748603927 0.0988329474301177 0.2802619566735204
-2.516572511257364 0.10313671847846934 0.27558221939199345
-2.534239135277059 0.10550633851427542 0.26868988872252064
-2.5512457019488908 0.10606582422442852 0.2613096383850045
-2.5733469585247803 0.10583370520507207 0.24774477173129472
-2.5983597736574717 0.10839895995327162 0.23895898816842753
-2.6177243791472242 0.1106380902719636 0.2284515017908214
-2.6246645891706804 0.10998316213082093 0.22629091068122126
-2.633403274232706 0.11244762789154628 0.2273063592134556
-2.641720846729386 0.11337981372572467 0.2303086686234882
-2.655726742308569 0.1139444177279861 0.23351973985872027
-2.6613239675528795 0.11848525414021804 0.24291060456836505
-2.6734743378422916 0.11629116376361656 0.23533640085688534
-2.683699053381605 0.11380212501690248 0.23525454296909892
-2.7028380530762655 0.11253128776142987 0.23438563798859913
-2.711166092975294 0.11411005107047839 0.23653387519308522
-2.7230754032457996 0.10833858492443676 0.24825121507262282
-2.731734535472489 0.10783986979341693 0.2588349983468705
-2.752624265250719 0.10578635813237924 0.2601293294821882
-2.7683461461451992 0.10114120941327699 0.26558085438943785
-2.774383731269385 0.10417566588991443 0.2719707112003832
-2.7882261506595336 0.09742063134761893 0.2748142238625903
-2.8021869003055313 0.09166157355564647 0.27946359781431573
-2.8124612442680155 0.08780413628390296 0.2850773969506244
-2.8276623468956705 0.08726519360454998 0.295273127938856
-2.8451909748016666 0.08549938911710014 0.2981542951284838
-2.8596092622186244 0.08837308558557457 0.307951725511718
-2.846479338114381 0.11184351689451072 0.2971493785832396
-2.8585255722215717 0.11160341335201973 0.29945278210854154
-2.8725371254467804 0.11285616074178545 0.3010524888046202
-2.892520143937011 0.11305975254835265 0.30022173203712477
-2.906001360642316 0.10469969464499182 0.316685806407802
-2.9147486219456495 0.1055478183342583 0.319020660928194
-2.932246108828986 0.10186234966440252 0.332341966692069
-2.9442100411711847 0.10048591434808826 0.34179327071332255
-2.9586871171566735 0.09877549656340748 0.3457349655621323
-2.9725200908672598 0.09878170210657453 0.3497108713232667
-2.9946990668745066 0.10240010776496362 0.35133162555120007
-3.00726914807229 0.10231605668542554 0.35562420591883087
-3.015230426469638 0.10092730521877999 0.3644916821523176
-3.0300499839888286 0.09917637493322265 0.37046467635786123
-3.0457594749507853 0.10207819708612732 0.36619830019339566
-3.055557546995635 0.10085698331067398 0.36794917145168915
-3.0619178579007786 0.08888313510145363 0.38991832504308277
-3.0817768805758923 0.10104980788905409 0.37853409299253205
-3.091314234872853 0.10064350623021884 0.3807476827476766
-3.1031699121155936 0.09843681007505514 0.38481345844947734
-3.103749638233582 0.09731766241857266 0.3839919109174247
-3.124662457185314 0.09923478389060604 0.37560491223926973
-3.1267118262773406 0.09898671804165032 0.3763655242151676
-3.136336150413245 0.09896635541609289 0.3737614604915773
-3.139009833063559 0.09985115607154692 0.37346784640895253
-3.1467508565034064 0.09956851899298111 0.37012987429190175
-3.128883590734498 0.09758151284366023 0.3819847756213199
-3.1331993441918735 0.09761624084527908 0.3813177494869005
-3.134478698003844 0.09800870902401641 0.380399605225084
-3.1309531284393364 0.09766988406205467 0.37996059435775503
-3.131580917782494 0.09803218661371098 0.38017927995941136
-3.122741154485779 0.10408571883663417 0.3698108417757412
-3.1451967079323544 0.10505312044055731 0.37818402780557103
-3.148591332613897 0.1053117415553814 0.3782520517297981
-3.1402769793767153 0.10634971874525595 0.37987220629693363
-3.1380151517807713 0.10780161124176199 0.376461355161053
-3.1692594724772567 0.11676447670841064 0.38025520164204923
-3.172975733756778 0.11999525584118242 0.3882812704653855
-3.1790061757369497 0.11833611903254504 0.3822558593812769
-3.190544848809996 0.11429221737003038 0.38959436166101524
-3.1927339170390314 0.11975382831454778 0.3788530145541462
-3.167099868952251 0.10964042088017849 0.3862328385011661
-3.1966629975520386 0.12043925720615459 0.36568786438857676
-3.2038373250253325 0.12186770461321736 0.38262521687639695
-3.204583548872106 0.12097992789840219 0.3835019025610982
-3.2049475371740006 0.1208746763291534 0.3862241203257987
-3.2088636813358034 0.12168288468693805 0.40015726436932314
-3.2103790674508286 0.12352940738436884 0.39245989285769833
-3.2179619509912434 0.11999275513575755 0.40641997717507633
-3.236241642008997 0.11130196395823075 0.42517979053109445
-3.2366574060615756 0.11347440022416201 0.43341948487516824
-3.247002203083546 0.11357273058745453 0.42823178250156435
-3.2691190288071166 0.11155663083408875 0.43185198863769186
-3.2846971919258867 0.10874049097074816 0.4265303932972562
-3.289413972917735 0.11201187092225104 0.4268890012277109
-3.2851707800188583 0.11576166662553611 0.43067018195464984
-3.276700402993445 0.11745970492256491 0.4492220479122497
-3.321365366972108 0.09829094655084768 0.47433079070287476
-3.334170793652318 0.09698763137969756 0.47253081087273663
-3.338227296460608 0.09615372553905087 0.4732785350181372
-3.332314330013194 0.0968789753377631 0.4769306322338861
-3.331993403047891 0.09899810878370474 0.4773209870357773
-3.346254088838348 0.09799672706730211 0.472994877270804
-3.3479683178600013 0.10098983499441344 0.4960215026890815
-3.359466695012442 0.10260938158026124 0.5043436511634483
-3.372556946344117 0.09848856406173198 0.5071216020669994
-3.3853840390270844 0.09644380894217798 0.5122810157308426
-3.4027142823225276 0.08907963177511316 0.5084332355163516
-3.4005376474237896 0.09185332449799036 0.5089307182089967
-3.3816602210821425 0.09666337820000923 0.4992271665083069
-3.4474271151691678 0.09465578197990984 0.518156900811599
-3.4541428762884827 0.0949348546734022 0.5209098139492312
-3.469515603944457 0.08843449805088807 0.5197905966856263
-3.4758049901485446 0.0911790027771847 0.5199566944173802
-3.4785080567848925 0.09197230440100694 0.5293216950170756
-3.4904268000804777 0.0894638792869236 0.5338926520194311
-3.5071318725364304 0.08517865859161301 0.5273250493192956
-3.510133430628714 0.09438176040958979 0.5323639664918339
-3.515193830771928 0.09122377000649995 0.5340130113790416
-3.5228959888003195 0.09123609735915078 0.5181833517284334
-3.5166582739346475 0.0926977024894139 0.5197606268572015
-3.5073731461631317 0.1052284822192089 0.5060851159053468
-3.5113047677759117 0.10642831786908605 0.5071503335060954
-3.5612736399704907 0.09956358285962433 0.5204731111143778
-3.5599689947289215 0.10466966761260517 0.5142379765340971
-3.559292305896421 0.11550086853386722 0.5090306200887335
-3.5787620123589434 0.10207171289837104 0.5164380648055596
-3.5804710281541903 0.0970916916739357 0.5107795669292973
-3.5728615026794333 0.1209703920058958 0.5079512167082024
-3.6110680444297443 0.10770653604635026 0.5211686341297299
-3.6182529263171164 0.10592245379633111 0.5161920185009641
-3.6252904697443156 0.10413103110464982 0.5118677978196021
-3.639419655339319 0.10487425368187196 0.5162721978453654
-3.646243273016297 0.1047453764608896 0.5287965261592517
-3.6625716244940114 0.10880039053738941 0.5291505438810791
-3.6801329662175775 0.0880281405984208 0.540489379179494
-3.709031721173466 0.09987753725170753 0.5556753786475714
-3.703186658247884 0.10260999608519496 0.5604470927844861
-3.719875299549645 0.10121862202733604 0.5569065672099237
-3.7325655342421262 0.10564955303561731 0.5644431662104952
-3.7395614126856125 0.10161400819914337 0.5608593740846569
-3.7345241170222754 0.09165213818426968 0.5597049073535191
-3.7439212782511566 0.0850471639471325 0.5666204380235702
-3.772389672103931 0.1037219797705789 0.5776980607169774
-3.7866168953725223 0.09918782816079139 0.5829646935325147
-3.7830195201797787 0.09100885009672845 0.5921494055550658
-3.8040302138592286 0.09593050107233363 0.5975868432867238
-3.799627669312476 0.09114921079939099 0.6088685053436101
-3.7938516287449997 0.09877093463449221 0.6303549823770304
-3.795500866888712 0.1062789976708274 0.6383795695977899
-3.8069015020185275 0.10276049052230558 0.653690886047748
-3.8092645881796248 0.10326343134151314 0.6544072715202499
-3.835686818168183 0.10152286191252076 0.6785766213631007
-3.8372522379786558 0.1049311980167811 0.6684828393439297
-3.855815872548111 0.10119450879909037 0.679710858400968
-3.8531907936023155 0.09700076979601228 0.6827891304721965
-3.857478211748743 0.09957462536342607 0.6846875029081544
-3.8933511958614178 0.10232168862639954 0.6982310584787298
-3.90768615306798 0.09940268375310436 0.6870594220053265
-3.9009287852245085 0.10200855835224956 0.6826120933962314
-3.891427330592713 0.11051883213855752 0.6816372505467194
-3.9152410103585464 0.11139540608882428 0.6886101707789981
-3.915642254621725 0.10748034310918225 0.679699880897917
-3.9373923794023953 0.10561131586447678 0.690201478771067
-3.9258578292620263 0.10442867719598316 0.6721419939843137
-3.9495002687453793 0.10428385053711653 0.6817983808846194
-3.964894709905706 0.09678429721966854 0.6804207571232149
-3.9914107082383388 0.09002480181479587 0.6844797257984031
-4.002660004659358 0.08652885225541618 0.6823386733853812
-4.005397725786752 0.09066902308268154 0.6636490196724212
-4.078669946354413 0.09870489868892658 0.6932930577715524
-4.09755158883355 0.09446196654766632 0.6921015214281035
-4.130688865476539 0.09897510510967203 0.6902711127307775
-4.142268686500733 0.10266507297913059 0.6975733705084144
-4.171102548845247 0.10078177235232415 0.7025740461373262
-4.180134072410304 0.08989798743439618 0.6949507688878201
-4.190739692178866 0.0930796728442218 0.6971350258936833
-4.210854521241497 0.09345695512245213 0.6987976814273152
-4.173327903663336 0.0974296925311781 0.6856571954780364
-4.176140296163721 0.10101056829865186 0.6918135186881286
-4.249852520027433 0.10154889571674933 0.714305537774343
-4.2574357333862 0.10368842226761661 0.7141646823474419
-4.277997727629587 0.10399641876595271 0.7162005190746392
-4.297351791396668 0.10735353635840464 0.7155206764186178
-4.297266052605643 0.1065768271772749 0.7155652719039663
-4.305969414915282 0.10735591636367925 0.7161473992417912
-4.304465293832059 0.10736541726070427 0.7162010622219397
-4.309803551113469 0.10816581081559487 0.7163619259584512
-4.301821471202651 0.10719755245727094 0.715806236302232
-4.307137815835443 0.10745036207926423 0.7168193794607942
-4.34114115408436 0.1081152670882572 0.7686156736500616
-4.351120741517182 0.10968687726180754 0.7826764431602374
-4.3705606600913045 0.10824219865790985 0.7987001488307641
-4.396291153227576 0.11052408786585262 0.8084002706387348
-4.419565244841678 0.10047817828331726 0.8243508225006204
-4.430818008467133 0.10661648625908135 0.8409149974987281
-4.458045096863925 0.11292276218092889 0.8563384113376172
-4.449326095576872 0.11462618124887816 0.8546052449017059
-4.446043909619644 0.12434374080137607 0.8596988776609732
-4.445626256076448 0.12767979317027403 0.8622263127139186
-4.443182946040125 0.12482551332582534 0.8539009201700792
-4.455767657626129 0.11778545106918725 0.8535864106065676
-4.452361012727086 0.12045964913929263 0.8681052107688237
-4.519424611083796 0.12121390780321295 0.8809759705136292
-4.5260335504332625 0.12088257620964105 0.8864075194704737
-4.541382833937982 0.1266159237266891 0.890784437351886
-4.5487562339737995 0.1260879365342663 0.8932660838528792
-4.560123197534884 0.12861850167338443 0.9006923723095405
-4.586517553336123 0.12114063863061279 0.9094847237992765
-4.607585338656033 0.11121277046415931 0.9181789024557925
-4.630224988852237 0.1026369567970765 0.9208157611311176
-4.642235297241379 0.10182181433790968 0.9230576892230637
-4.693673690481116 0.11824156533990277 0.9041217163738211
-4.710875736797009 0.1118564618608423 0.9043185017030216
-4.732197313551573 0.11273673793259018 0.9029168341613811
-4.739702027420382 0.10920733175966177 0.9042337811659954
-4.756107469043066 0.10522105238482576 0.8937534408241432
-4.772829287994124 0.09310904376106395 0.8921895306454507
-4.775592225231502 0.10678908015126307 0.8868462885097765
-4.783451366472852 0.10115501603485665 0.8832537135098277
-4.808157711969693 0.1104670782047566 0.894612446525679
-4.81742038518779 0.1099767282076995 0.9009727106593333
-4.827837304372286 0.11162165524703828 0.9012714689486069
-4.839005683934061 0.10907411159772365 0.8982759900259613
-4.841022354035529 0.0985055501779052 0.8957787933761449
-4.8559217520276 0.0977619155971932 0.8934499018642849
-4.86930409700333 0.09752027003904365 0.9000613820966735
-4.8837663612476945 0.10284719519138397 0.8993792952461557
-4.890789779748839 0.10344645112609996 0.9042438835455354
-4.9051894702895735 0.11025199703112817 0.9113784408300879
-4.907252627844091 0.10444456010783694 0.9085023935875405
-4.918996236633629 0.10033565124833345 0.9096305919811817
-4.939203975725285 0.10159061261446292 0.9150208455440959
-4.931094815267712 0.09286807957598729 0.9136270500710383
-4.964275089947151 0.10782596061318098 0.9333700625499733
-4.980408918048222 0.10669601501238961 0.9433238373356049
-4.9923899656986155 0.09970711731788591 0.9490682241408064
-5.004253984964918 0.10011284313762964 0.955328704649343
-5.016550630024746 0.09461510232223928 0.9601214977038497
-5.035247784662095 0.0999048404573348 0.969313837515503
-5.055421888695224 0.10534073947631867 0.9775558711002006
-5.069683515069643 0.10893541842689698 0.9883930244175412
-5.08157009651414 0.10914364564585968 0.9976619029458469
-5.095664681202045 0.11925585937574586 1.0048621188907583
-5.103008703764021 0.12101846830446653 1.0074874429816485
-5.115396662388604 0.11643198366182347 1.0166136064162001
-5.125561957250134 0.11010314661862837 1.0118912684536028
-5.141802072336828 0.11319627765541054 1.0260675936269121
-5.1530424252037 0.114844119316793 1.0266304421141974
-5.164960816697117 0.11575874950034798 1.0400403996557746
-5.182549375956801 0.12186648043206653 1.0410723852878183
-5.186782105012292 0.1171744353747441 1.0439740488907978
-5.195964071012686 0.11054713074364131 1.0428484527923396
-5.2249861960612884 0.12168516081929814 1.0623285186079883
-5.242529725736463 0.11519890599759833 1.0673878782158646
-5.274884554981248 0.11188890347108149 1.0729761933295638
-5.279710621055423 0.11497592212049426 1.0718772598455424
-5.3121723114168535 0.10901762973506773 1.0722858802795823
-5.358573267130695 0.09928209883798754 1.0735531334960653
-5.3906182533377285 0.10475285445671155 1.0774987537826701
-5.413442155606574 0.10763827743030274 1.0747980208435788
-5.438772913481899 0.10395639343719199 1.0838493968126124
-5.377605687893273 0.11559071575082712 1.0696105914013285
-5.390120775938775 0.11376983743061975 1.0738870203307427
-5.392948528756565 0.11021394878653204 1.059168331873245
-5.438167553219795 0.1096547600507715 1.0678001119990082
-5.465063349983715 0.12569184639805425 1.0641373446584623
-5.485610697959405 0.1194716724269119 1.0486360610901344
-5.513171955689881 0.1244760926035646 1.0466811380146195
-5.525163421595374 0.11512060733718518 1.038754161022503
-5.54519389229698 0.11477885891418889 1.0385745146281482
-5.568886495733677 0.11595063060138293 1.036999436847613
-5.590658879099098 0.12070585899681824 1.031469932896226
-5.611801017541524 0.12604389357403867 1.0276771568147238
-5.627534476260876 0.12226764372153598 1.0228310340816478
-5.633150292217784 0.1197645294416394 1.0264739921792791
-5.674705512737757 0.11646114645472777 1.0119236643895642
-5.661634531042487 0.1173912656336225 1.0193042042651757
-5.675079058958931 0.11999841764813561 1.0189032479050528
-5.691685135466438 0.11987462736285863 1.0219421551662538
-5.709431643554094 0.11903640014228592 1.027652312047274
-5.7218816796241345 0.12149637587290868 1.0173210571529134
-5.734758485046586 0.12126828993297412 1.0211975231020736
-5.756079520546489 0.1208368304844231 1.0306982558673459
-5.779170305210251 0.11276830017022103 1.0454252410107987
-5.800437696637125 0.10955914227416776 1.0573745849386165
-5.823559035754379 0.11159028151254818 1.0739651391259541
-5.841097832895684 0.10328230633357116 1.0840786945539047
-5.860755133196055 0.10888396277312418 1.1073248681228198
-5.8856835947528925 0.10801156980526255 1.1261873379466416
-5.908025170983257 0.10687639602842527 1.1383298684781689
-5.939956496677063 0.1037752142366059 1.1538798947408047
-5.987041444367068 0.10085592746243342 1.1587394164607236
-6.03784761624052 0.10314993132925754 1.1476277503411747
-6.06820410364557 0.10362001317834509 1.1546054003559154
-6.082682172065048 0.09250879112760248 1.1756879536761635
-6.10992935638429 0.10651839648689561 1.1882633682399544
-6.085757218493195 0.1088752348933741 1.1915946888474636
-6.103275410433713 0.09999902934559 1.1936075677118332
-6.12421821146861 0.09914575834659671 1.1984257957476268
-6.145313027995819 0.0958299964872338 1.1993975526475054
-6.161158030934488 0.0902832670686573 1.2037498428852815
-6.163468809341032 0.09935647544286973 1.2062293295244764
-6.16558729911251 0.09842178774553971 1.202318939625011
-6.1798156364542045 0.09760663706664269 1.2033844400420701
-6.1949604855004115 0.09827844027020155 1.2042875591541098
-6.206794228453292 0.09419717648946162 1.2138384852520108
-6.219663838232443 0.08888599522085038 1.206390411483806
-6.244074694861038 0.08965956559126696 1.202645648270765
-6.247699893837775 0.09422703568510955 1.1984535022582186
-6.273686407402481 0.08960984584696612 1.1925944574542242
-6.28338121639825 0.09230230445981344 1.1875291533386791
-6.296712320016198 0.0941616943521608 1.1862135593751744
-6.303111434595949 0.09722561142134933 1.1891164448124687
-6.319125512841148 0.10087518428961087 1.191175622596587
-6.334783815081865 0.10139096502642708 1.1932736904152277
-6.349185341660521 0.0972012024647298 1.1946312064272595
-6.366953868077122 0.10094476733051855 1.194914979609053
-6.379739308971087 0.10176026101873153 1.1903016033602232
-6.393012507188322 0.10747469522881276 1.1901325345459521
-6.409557983297895 0.10357191597238374 1.1828574831200052
-6.422317580634195 0.10915481488019761 1.1834618855882642
-6.435621030028057 0.10508697748703769 1.1829867540117176
-6.458179546813701 0.10852060414145315 1.187031763421578
-6.50165673981292 0.11876731025102767 1.1656157432732321
-6.510959359268937 0.11925304168124792 1.1683295506467077
-6.533739611945549 0.1158069864839146 1.173797169619087
-6.548168040022897 0.11839946079464553 1.179321725884983
-6.560491222262276 0.11382727592536399 1.1907218867889608
-6.579615732501571 0.1169863989503328 1.1945556366411418
-6.605324205605182 0.11411029198047125 1.1907854174777388
-6.6220240179719605 0.11037679041958043 1.203338265836454
-6.647279823333013 0.11016669912212604 1.205363380591439
-6.688298821602896 0.102424719314234 1.215961733446279
-6.70426762258022 0.09908524137094332 1.2311949341207387
-6.721678019529832 0.09334520115623109 1.2486509865953905
-6.7320272994222465 0.09801303692184579 1.2495286093163231
-6.756159795845519 0.09244134495918295 1.2645087794412038
-6.779290579314419 0.09712066807225087 1.2786848905130164
-6.798176672462127 0.09508921371497008 1.2954385005042162
-6.80477503125339 0.10007296938555757 1.2937763049908935
-6.823024686081012 0.10259866801316218 1.3027151832495423
-6.837127504778935 0.10181626214798331 1.3047797790182007
-6.857485443198403 0.09879507175999919 1.3103526321221073
-6.873712085788533 0.09760874150175952 1.3156595982570347
-6.892610490150096 0.09828443504144141 1.3219796266299717
-6.9118883019126995 0.09290506364566742 1.322239657849918
-6.919968620449893 0.10051909743252971 1.3329464296845346
-6.939189008873989 0.10539262221797313 1.3348352091044529
-6.956921783385816 0.10563218567569568 1.337815492544797
-6.974709418521121 0.10060137169498179 1.3366678096052393
-6.988550540873188 0.09897403026351703 1.3399555445245284
-7.00049935376877 0.10038972832914107 1.3408552231603668
-7.017864255161129 0.10898012133002405 1.3352659535677196
-7.0322466749952355 0.11171954337883552 1.3271696834376043
-7.050378427910109 0.10785177030873824 1.3207018291634038
-7.064044122017603 0.10372937733406686 1.3103817936770759
-7.071474912415345 0.10353117434659086 1.3119992895556267
-7.087827858746261 0.10132356361789185 1.3103780859236718
-7.099553355596152 0.09955642903242552 1.30125359905385
-7.116999550515116 0.10083494796173408 1.2994580467035741
-7.133765911040275 0.10065309780783295 1.3001291527285772
-7.147844961477663 0.10016718469018135 1.302245765446273
-7.158451857860624 0.10767504408670191 1.3015619125862175
-7.176678204590368 0.10825802298777716 1.2966520542081617
-7.1868136551504405 0.1048245519895882 1.297582120080407
-7.191709271381227 0.11028432777616404 1.2957657355339816
-7.2088147937889655 0.11286977859516341 1.28912755691299
-7.238638983218719 0.11729982433445606 1.2821967292088123
-7.249466528912962 0.11622030058023977 1.281868179978977
-7.260749356700833 0.11993289500894509 1.285291452638686
-7.266855695844014 0.11998015933465912 1.2837408000542114
-7.276047925661759 0.11700423384889941 1.2889925308311527
-7.28522847318715 0.11245737176877225 1.2890130442934777
-7.300432047267948 0.11209885765035894 1.307053875866942
-7.320230027209788 0.11419444281027466 1.293894136174721
-7.325951410740089 0.11297779555552658 1.296508073870537
-7.338421480469216 0.1149242499525249 1.3036213098076375
-7.3505034161293725 0.11498841532492488 1.311105059375956
-7.361148425280318 0.11106758615144871 1.315487245571569
-7.36701390321099 0.11233945535046129 1.3216176061028744
-7.388514639921806 0.10714693193655067 1.328710335906601
-7.406164423481461 0.10584781045435274 1.3357289638480372
-7.419541063227321 0.10412024782822046 1.3405258100210329
-7.434804593137137 0.1086956496403961 1.3550421028573905
-7.441012488934494 0.10183296473135028 1.3653258297510389
-7.454480543016547 0.10795467654284263 1.3668388383803023
-7.463155265736709 0.10624256976687242 1.3724888101695505
-7.461009424968421 0.11025750398211101 1.378791036645862
-7.476812799108958 0.10998393761487185 1.3831303796162453
-7.483661769610428 0.1112573250192023 1.392413256297688
-7.493040656043861 0.10627625790199895 1.4016104689565687
-7.505931793342812 0.11129386680856332 1.4117320248402938
-7.5132240793708975 0.11215556141692695 1.4189141287000206
-7.521456904724266 0.10991415833043672 1.4261497608231566
-7.530308299444482 0.10974928610384596 1.4259654940636468
-7.533232012357951 0.11427578731708848 1.4331744523332155
-7.543447895164367 0.1157998136339175 1.4353744363872776
-7.544330999533273 0.11097976414278232 1.4239769247149148
-7.569159094612844 0.10556791830427031 1.4328586399242467
-7.57991714040761 0.10529091937483319 1.433953656053742
-7.588911906622224 0.10736918880759587 1.4292591232366014
-7.601943943756233 0.10424398176153452 1.430361458750597
-7.610507356128752 0.1090517365641636 1.4297041655564242
-7.615479650318491 0.10906324113713967 1.432857490980529
-7.621142009465451 0.11128092188136354 1.443142398373058
-7.633649797327799 0.10155078362589062 1.44854314777272
-7.660742067949803 0.08903556931194617 1.441737801676414
-7.67167256746494 0.090268003354679 1.4378863470752636
-7.681158333203653 0.09085537120798493 1.4386655604482559
-7.684225701767386 0.09081804569310874 1.4460925913776967
-7.692280205126025 0.08477167836248475 1.4436709773584797
-7.711721426441946 0.08303342188070764 1.4458689567457002
-7.716013416723195 0.08354490339772738 1.4505972252215722
-7.7320055954484115 0.08000417941562138 1.4473114320113736
-7.778811003708271 0.105296661029036 1.4619379658674738
-7.78864596085499 0.1008412110944909 1.466096246640791
-7.800031944727986 0.104683997080768 1.4683271528128736
-7.808443603211845 0.10237619607334308 1.4703032839583883
-7.8159845259847955 0.10280591176026363 1.4783696801757351
-7.824213823528028 0.10734074952385977 1.476998766691414
-7.835563937056846 0.10818870825225087 1.480562120796393
-7.844929835645037 0.10962954643130506 1.485454571319166
-7.857587422004701 0.10739731554431586 1.4906856270028066
-7.861197377916378 0.10433320244016722 1.4903408399299427
-7.901465373041928 0.10489467926170382 1.5159969865362022
-7.909185286535434 0.10311971463124102 1.5224799642634783
-7.918566583389364 0.09772365124294284 1.5248975939069016
-7.928843461937517 0.10146808405982885 1.5286164869732917
-7.937691407817294 0.10032256933359196 1.533705054403559
-7.954046570807243 0.10419587407499815 1.5448931837869462
-7.973059922261384 0.10071863832924233 1.5535728465089065
-7.999007372315509 0.10109090679109121 1.5711242065592996
-8.006957326026459 0.10512161559085234 1.5762748872179186
-8.014402556830717 0.1050811528411321 1.5817642925452062
-8.02515593813678 0.10540446022799094 1.586528150159763
-8.040680254850244 0.10295283904040245 1.5950784860874991
-8.050410808491453 0.10931231528353316 1.6011415366740966
-8.067286933290248 0.11200219612516019 1.6139895417170342
-8.077965824721458 0.11190225297063316 1.612612695807465
-8.080688046741223 0.11123862297256287 1.6112420312372249
-8.081166849771305 0.11564345930844964 1.61389707236805
-8.09225291475103 0.11136830232269684 1.614889424593055
-8.105951344001799 0.111504700396062 1.6147994852602288
-8.139445989785035 0.10642443078486084 1.6335758857031297
-8.163278522026685 0.10874509419362267 1.6476414498212462
-8.142615795505602 0.11672669836084443 1.6402062385876373
-8.201620974728794 0.11511596402438976 1.6657696789862013
-8.217905740192734 0.11431206815898175 1.6718458000588303
-8.231053139653238 0.11084224840300219 1.670332691514166
-8.240840829814777 0.1066056588237455 1.664922800127337
-8.258928486438942 0.11010201569839131 1.6677345030923436
-8.278523580025274 0.11796474177365997 1.6616300219005
-8.297878003788808 0.11040361500373955 1.664143316842294
-8.315365021214697 0.10715183671274983 1.6665553887338567
-8.313025474163698 0.11422458468266661 1.6564737713126523
-8.31765716078519 0.10876857706822006 1.6481948901402954
-8.33145627067356 0.10862327241488913 1.6516621763363484
-8.347608709027593 0.11396949935992846 1.6498075794910514
-8.393625815155694 0.11427861614281326 1.647859411354639
-8.404808537633137 0.112695030646696 1.648953295288989
-8.425743309048617 0.11319854401991739 1.6456284676884358
-8.436452669839586 0.11155854687821982 1.6469769705458848
-8.453595613124822 0.11489695993627887 1.6579823574994477
-8.457655555696615 0.11662297777688141 1.658449985656718
-8.480899940755627 0.1172291195398326 1.6623207897557966
-8.487459970538193 0.1179177524867866 1.6645336661325154
-8.504883981427206 0.11431220053679511 1.66507281098894
-8.513444075880923 0.11071809762929558 1.6670976283837888
-8.547493006757389 0.1125780981959564 1.6782605885142303
-8.557968965215498 0.1124891172682085 1.6805053063282622
-8.575841085247898 0.11456696840129682 1.6911231384761314
-8.594953201271167 0.11248512477973477 1.7015957389965977
-8.609863081593899 0.1121418267857764 1.713537652641225
-8.620003111920653 0.1070036758335955 1.7142049807818909
-8.644857022534959 0.10308395598098263 1.7372855240325897
-8.693639124712178 0.10385717764726544 1.7526212256314206
-8.697913875663055 0.10387816481601408 1.7613314592587777
-8.702252247653517 0.10799592944704475 1.7680166125351309
-8.714344554039723 0.10588469554948303 1.7684310008715178
-8.725332898218651 0.1078917018852556 1.7719363352129749
-8.738055594753284 0.11225768246917531 1.785856670474757
-8.754939750844876 0.11393859099246936 1.7943142944459887
-8.767245294439483 0.11285639388520001 1.7983042222025816
-8.781853995896453 0.11689742115526039 1.80435313790472
-8.789000319404192 0.11843463089247817 1.8070133827995534
-8.81336857759729 0.11697489663388838 1.8203008070604432
-8.81712580266632 0.1207204240111506 1.8153552908754356
-8.829942118987905 0.1162022260996379 1.8206349753284181
-8.8428779754619 0.11514956352316502 1.822508276809181
-8.872004876680393 0.11916827073587208 1.8283462949466478
-8.882793211401243 0.12375029860386037 1.8319152569573198
-8.861845882080338 0.12448664930596835 1.8122721630268406
-8.887656950370928 0.11796253061918367 1.822517043517971
-8.928956646792951 0.11306386184430815 1.8355413090556147
-8.943675814836043 0.11494039709670043 1.8343261634405983
-8.951917648175414 0.11465176655021997 1.8354545603738646
-8.967696365469273 0.11439870956680107 1.8402412949924505
-8.97590619451902 0.11309112534227861 1.8308585792987118
-8.991769249768609 0.11032087117959816 1.8262535012546728
-9.010534614212524 0.11300218899445744 1.827041755105412
-9.033203621279627 0.11038244991534801 1.8302378939459756
-9.041997718973363 0.11237415727029662 1.8280258406056955
-9.054923730398581 0.11196959358944766 1.8292062039960844
-9.0691344596305 0.11660287304295228 1.8248443528759306
-9.078730536168319 0.11651478152616876 1.823583355264404
-9.096127473908695 0.11947304402132183 1.8281153403549903
-9.108395729957856 0.11867176635313682 1.8279027643748593
-9.125833124901051 0.12062080357447037 1.8283759861772795
-9.13792598416093 0.12087581285205423 1.8281684342828688
-9.155261844076815 0.12328368376772136 1.833869085674345
-9.169023742455309 0.12264627741905877 1.8365011424348219
-9.180788729307697 0.12160939155583084 1.8342790406635416
-9.196740473182594 0.12274127620056792 1.83730661610382
-9.208243677619443 0.12047028563201573 1.8367698213834338
-9.220035364889865 0.11976494542866654 1.8372716456264473
-9.237019927730564 0.11612748595742642 1.8435698988720755
-9.240860863628082 0.11772728445986858 1.838142466728587
-9.279719515509388 0.1140400293061559 1.8538564219009435
-9.293718149017694 0.11442332031314366 1.8600224280123612
-9.307283408505283 0.11264918048438449 1.8659240094439877
-9.321544615778084 0.11063559233755882 1.874257151317602
-9.362759234081565 0.11418739039590184 1.8842660178944008
-9.354443807948305 0.1162543016787517 1.8905815716494718
-9.395776070691886 0.11945075183826329 1.9008102018359496
-9.409938594822055 0.11764328125203596 1.903681790083743
-9.423987114503223 0.12262554364744899 1.9103233279635459
-9.440476672983854 0.1268038764567972 1.9164879779564619
-9.456634107956463 0.1298969702819882 1.9235359650689172
-9.468366445480136 0.13111378878879063 1.9262056763371755
-9.48246593941608 0.13331590192926895 1.9314506891345173
-9.497668967273702 0.1310789237357809 1.9370597577389537
-9.509190715283093 0.13149641727583983 1.9373909152412974
-9.52480569868641 0.13386355196028638 1.9394847309123915
-9.540832415546607 0.13279906843514916 1.9444463302743924
-9.558464498894557 0.1337363012405089 1.9469524034618302
-9.576170398056227 0.13271229483185865 1.9481144395228525
-9.584687407979306 0.12910053294404109 1.9533072798602251
-9.597896900841949 0.1240927153392847 1.9516593219608125
-9.612618946209096 0.12256357622619843 1.9456942225535716
-9.636419555766324 0.12159488275344225 1.9470211748700632
-9.64732812657514 0.1170460472263549 1.9440879831406548
-9.659607536756175 0.1130994670621697 1.9442253628558412
-9.674704035254743 0.10965496145861912 1.9423791092209928
-9.690062134926574 0.11233821271203129 1.935836337767734
-9.719393221448351 0.1148465878613126 1.9311332962734695
-9.72874104440807 0.11686414322554262 1.9270543334209826
-9.726475721559884 0.11644634819280633 1.9256279127734242
-9.736150676369856 0.11839625330239502 1.9245831140476204
-9.754455324420666 0.12131813462617694 1.9211047840542863
-9.764834537035219 0.12137034992242661 1.9180963155394422
-9.787854331472788 0.12883640554017833 1.9102391652733022
-9.798019809833871 0.12496406687601375 1.9158149410277525
-9.836564158119769 0.12800035703378113 1.9188911745428003
-9.859228768724863 0.12791759193841384 1.9238748068765508
-9.873320855111778 0.1294006261102727 1.9331811542352588
-9.883218062074109 0.13087851535355782 1.9288655748709431
-9.898443999414189 0.1304303447759671 1.926366866070784
-9.908147885804949 0.1297875558869509 1.9295856726722596
-9.921276051521547 0.12677474941100897 1.9318165885983314
-9.935618844424297 0.1244176047014385 1.9339901638047943
-9.951156185853149 0.1244050163268746 1.9307690969990066
-9.97126600441805 0.1232918606110287 1.9384618300959722
-9.979773721921262 0.1219624836911082 1.9397937799641745
-9.99293095669549 0.12052901491750213 1.9424787658949685
-10.007145079990972 0.12140199217890231 1.946643691056481
-10.030860485722204 0.11831248660731428 1.9578561095159517
-10.081502287933125 0.11772435176783766 1.971188871175649
-10.096833536562292 0.11568247545056462 1.9772671878680044
-10.115905344976827 0.11508095445784092 1.9791100245463584
-10.13275054129381 0.11795541803831236 1.9847311435329946
-10.151483389782598 0.12637908939204848 1.992155772224386
-10.164554703811413 0.13341730365023943 2.003793675467737
-10.167911061135444 0.13193742525087 2.0031211909405524
-10.189507068094551 0.12824038872966342 2.0009938266916025
-10.208008538809276 0.13221179655755314 2.0092351387356677
-10.229203204904419 0.13651264500191218 2.014491108279162
-10.243181064579115 0.1385720198819059 2.0208147207157214
-10.249952422843299 0.1417552239953367 2.017033102413067
-10.23890242214152 0.1414174866854558 2.011311901631065
-10.253674980106464 0.1403653207274259 2.0110953229872273
-10.269458090272728 0.13612340477058954 2.0182571638346003
-10.288111856946928 0.1354394621965609 2.018363539878056
-10.302793589208944 0.1346728011517438 2.0160854259434284
-10.358004647288803 0.12997373114826594 2.0318754732187028
-10.373205540760575 0.12695943978126126 2.034493819446861
-10.38869731344995 0.12295725508737457 2.0295185968133636
-10.403964894467062 0.1193404033279788 2.0254125839322823
-10.422140128752337 0.11901215196709328 2.021946454975068
-10.439013871062343 0.11725996241467954 2.021785139879454
-10.45529104377818 0.12206324239209773 2.0144980702389796
-10.470340296797515 0.12276109962681717 2.019184990701011
-10.48259455521471 0.125419590821213 2.020103455249501
-10.50076773940567 0.12112625892713977 2.020550176642221
-10.511119368441362 0.1260352868572953 2.017105675355859
-10.524353977822118 0.12811502649275575 2.0141526297384935
-10.541280636488871 0.1273917623616652 2.017853303145415
-10.55324259998436 0.12991854937812986 2.0195413771573536
-10.56957197442594 0.12893066435258974 2.0135995973855234
-10.589396919223331 0.1335138384491128 2.012242047503711
-10.602742233138912 0.12837103966701713 2.0184170609102914
-10.618637416733641 0.1275481802343034 2.022489230099948
-10.631058548987804 0.12485025532992017 2.0237568442699363
-10.684405286774131 0.12946422156401863 2.027567592047845
-10.697048813885107 0.1276706273856813 2.0340100065837428
-10.713345289856566 0.12467726380241148 2.0358420376045077
-10.7274368185894 0.12308407431256088 2.0377674545764366
-10.741727277984882 0.12206370395532312 2.0449137887331093
-10.754510663543643 0.12033955051748273 2.0512703957329936
-10.770884891008961 0.11690586325277964 2.057519398710336
-10.786452795021408 0.11903663002969794 2.06500919669252
-10.798194209904748 0.11377351875833316 2.064248440350257
-10.84539395439616 0.11553107889885549 2.074092366286097
-10.866005545942924 0.11346570574654873 2.0808867385831142
-10.879019224540425 0.11392983192142044 2.086587891444898
-10.896365928558097 0.11652325855618878 2.110195902015019
-10.917455258536185 0.11545948489856159 2.1255572274169765
-10.928078268215046 0.11957999210009788 2.1355679797160976
-10.949344204472672 0.12560399130578365 2.138454556316141
-10.969453604684878 0.12241731499763969 2.1523181146749026
-10.978213694650025 0.12388281031682699 2.150755816259121
-11.005356811409662 0.11667225826640898 2.165222057649702
-11.018801044560421 0.11642598282747475 2.1835541219882373
-11.037445858554577 0.12201090507814508 2.1949649088232324
-11.032892605396798 0.12023558815799035 2.1908935257990105
-11.060137949500001 0.11426182119510328 2.1937832521066776
-11.077294338715356 0.12114766998597538 2.183565354130672
-11.087983861331589 0.11856651356061258 2.185202583927774
-11.105315011065729 0.11652873313459332 2.1772444586619866
-11.121138710571444 0.11724134002068903 2.1806682260047037
-11.1355369203425 0.11451130468987966 2.1854653220855074
-11.151664936525334 0.11609922630255001 2.1861842480697913
-11.161020979253061 0.11238079748799429 2.1955452616616133
-11.17757269545179 0.11652518603800686 2.1895610931027614
-11.202935967772007 0.120706768981507 2.1799700426278292
-11.218739691384796 0.12116433229182019 2.1721794117177318
-11.229234743674184 0.12666149263831827 2.178107514162776
-11.239072849099024 0.12726192195070118 2.1729733260284654
-11.252364342427784 0.12459688608872754 2.173420200579476
-11.26781797160646 0.1228313883525478 2.176512864897737
-11.270535564888233 0.12377521308455422 2.1783060079085486
-11.323257146234804 0.12499054359271203 2.172518028098147
-11.332818182816537 0.1239548210729702 2.175097168199386
-11.348122366501253 0.12272977209759924 2.173384503921474
-11.359136821667049 0.12820963655342887 2.173324475207873
-11.373886786561243 0.1264173119636332 2.1753870744093904
-11.38463360591784 0.13191842916266608 2.176519736970298
-11.397523503172334 0.1295065263465336 2.1759650324395645
-11.408112613639599 0.13283778482625377 2.177889660633898
-11.422033827288374 0.13143483046294688 2.1729038720073177
-11.438069627701436 0.12893525011654167 2.175366257456261
-11.437442742444789 0.13165150937860173 2.170516209295715
-11.444612154982392 0.1310772841659254 2.174730262499101
-11.46310246929618 0.12823337812735222 2.1806806196827013
-11.51844127706737 0.12451069627502792 2.193121503509868
-11.530072329767139 0.1267355797273465 2.1969128854411917
-11.549437734897033 0.12217959051768633 2.203493356866729
-11.562587185827502 0.12027867966267007 2.20824075545109
-11.574339754089523 0.11710589571310737 2.2046772152363374
-11.597623737904613 0.12677586123030982 2.2234919215561426
-11.611803684705425 0.12699148059020537 2.233935062830276
-11.629467566953293 0.11961950279520372 2.245128796296232
-11.637539678073619 0.12215791824112657 2.2553666506287477
-11.65710795319797 0.13372606561345826 2.256702694756637
-11.680892790423389 0.13500362128562615 2.266724422400289
-11.685462164694984 0.12938841502754422 2.2670596563554737
-11.701562248340451 0.12524251343447007 2.277204864277711
-11.708515520041077 0.12898417171409807 2.279939920599241
-11.71361953763252 0.1294393264463915 2.288366475371711
-11.7312555679427 0.13468773432813544 2.2918664353363276
-11.747206801608575 0.13031284998651946 2.299323853512629
-11.765374669117273 0.12371028543779646 2.301443215472145
-11.771645881173503 0.1205324328620977 2.3026421554371588
-11.786867540935258 0.12405535542737209 2.307039724580842
-11.817552254000315 0.11329520157656114 2.317945401589097
-11.825178013003379 0.12048573051114975 2.319318882853464
-11.831646410994136 0.11990323780548076 2.315533934554365
-11.866844856572465 0.12193602637819391 2.332799747910556
-11.869811244503534 0.11815449397443188 2.322839346732774
-11.891633224911045 0.10891996610050471 2.338904033289851
-11.935114414522259 0.11443409644548466 2.3378980662441915
-11.950671045241034 0.11607444352443042 2.3266682660999747
-11.964024004095254 0.11731100656063342 2.321232916060982
-11.976011010060521 0.11508518821242958 2.3200842193882565
-11.988636898136571 0.11892403599533743 2.3066283370046454
-12.002142728324435 0.12163305065847951 2.3069780142584246
-12.010623456853917 0.12527926867872824 2.309881740604099
-12.023750520945262 0.12453417640575151 2.3114660429484237
-12.043408029450688 0.11928053281992736 2.301365479810669
-12.066501219501669 0.11808713776339225 2.2991973869649236
-12.072945440661167 0.1289309958997911 2.3028192042946936
-12.102272695184366 0.1279367324971514 2.308957370680166
-12.094552060648347 0.12787240758940732 2.3180528280849106
-12.097259140409516 0.12365867007397485 2.3184127384799185
-12.109457939106658 0.12615377848800283 2.316803329301653
-12.119960174336837 0.1253472734164377 2.316721161028968
-12.191289369141787 0.1261862730262357 2.326678483826952
-12.209451401144456 0.12390611050881889 2.3311475995628976
-12.226409655784607 0.12186635207319171 2.3378361831036134
-12.233003495585335 0.12762600128652207 2.338324396241215
-12.243856222062607 0.126189975660089 2.341119910567725
-12.266292346352374 0.1216500870851667 2.354026878357569
-12.284098961377923 0.117487260054042 2.3652553393351727
-12.300541490066589 0.11976359955344933 2.363668297313958
-12.317043095778146 0.11823652762333124 2.3652409548615028
-12.347642189357973 0.11470564424863733 2.3882833533605465
-12.370440356554093 0.11981986121844251 2.400418400848535
-12.38961977779994 0.12275822356907173 2.4055624240424773
-12.401615273175743 0.12559394125360213 2.4138577634643275
-12.425350150889145 0.13507358067401126 2.4319597414725536
-12.43318587024813 0.136150970114903 2.435445791333432
-12.444638428447217 0.13428974825074952 2.437056048514858
-12.466327081707275 0.12754982430221662 2.4421462290311036
-12.48522947923038 0.1354794879820485 2.449706956928898
-12.481620879096447 0.13416299802757747 2.453551803676051
-12.479708351133356 0.14451264647418735 2.4511995845785677
-12.495875734889538 0.1394472226070239 2.4603666814753433
-12.531888172305342 0.13072076917499795 2.4720793973731423
-12.54499720103623 0.12462982829747025 2.47826666219793
-12.561534454693966 0.1257870529019966 2.482191315436345
-12.57049781403674 0.12846004635743558 2.490646737534685
-12.588445690155277 0.12471642342610878 2.4965182502604604
-12.605820390571578 0.12138568583779952 2.502093325136067
-12.616550842593465 0.12233510821065365 2.5039164332197013
-12.626366341452659 0.11914187212703699 2.5026700138003415
-12.644555847495848 0.11699790698316154 2.505858586504723
-12.656370524331534 0.1140659053212429 2.5098333599885407
-12.679539845723818 0.11590869512787781 2.5059720550599467
-12.698240520616633 0.11474706015877754 2.505038775288477
-12.712992118732352 0.11929032187347467 2.4966745568449866
-12.723186878295422 0.1192294839875534 2.482774516506484
-12.740102878190587 0.1203473642178403 2.4885909985018095
-12.754621598533156 0.12002061106944419 2.497321904483642
-12.770278395455225 0.1207175944553891 2.4996056941076477
-12.78311595109721 0.12301331460734022 2.4981377945586525
-12.797715251932312 0.12111759871324283 2.4970502816436495
-12.818132886343745 0.12357607150543079 2.4987553594932796
-12.829266165070454 0.12065949006051628 2.5003084898991714
-12.842195285113593 0.1214712769296558 2.5040389896252835
-12.849388688403224 0.12565577337133468 2.505394794432422
-12.88814397628273 0.12962701885838473 2.508117354014403
-12.90257403282031 0.13039887524957539 2.509021222055991
-12.916552820423316 0.1277628032857834 2.503484246562289
-12.930147494477257 0.12940959023982518 2.5011996662260145
-12.945787801953236 0.12454761449122496 2.5056169266039037
-12.96288329171018 0.12291473659982052 2.5109032086862655
-12.974722853768796 0.12115635645989138 2.5148193997736312
-12.985534691555648 0.12271828169753815 2.520443289495044
-13.024414318046883 0.1152043240920929 2.5298158156435546
-13.040662017480628 0.11186859046228464 2.5346395031565967
-13.047267563725928 0.11402725450680584 2.536647684920063
-13.066976559217707 0.11394730354287423 2.5435307506464078
-13.094741702186314 0.10899616691508782 2.5589568181566644
-13.116575873376771 0.1052888204239128 2.565555012800046
-13.131748129689973 0.1083270962963562 2.5719569087716962
-13.148058644989606 0.11380221810101665 2.578676784870332
-13.160696735689502 0.11503766998600153 2.5855438540395985
-13.173294098002383 0.11372246717053845 2.5960775752032657
-13.192427387703502 0.12619405958280322 2.6049598132924814
-13.218262926085654 0.12246313558452719 2.6207392846643183
-13.230875999444944 0.12443999557205261 2.620584632430412
-13.246395302767421 0.12688077743229287 2.6294381025087956
-13.259105591374201 0.13086202920022488 2.634528441176432
-13.274282141201223 0.13136841225180537 2.6419148018615504
-13.29726233190628 0.13175394014458375 2.6497042622045086
-13.309314760851624 0.1265075234393329 2.650873078707874
-13.326811630237701 0.12468037899253069 2.654787723916897
-13.351801975912833 0.12616800307551185 2.665098472222744
-13.374023082820715 0.12451399287137246 2.664523072706043
-13.3847311252685 0.11771111188770936 2.6647740444196737
-13.407180751959544 0.11687118617513693 2.669569587093646
-13.429690060362832 0.11821759382714342 2.676316114065327
-13.445219131280968 0.11611392364073371 2.6773040573739966
-13.456584870489422 0.10884322549406864 2.6718250429314176
-13.478147901857508 0.11449676117298302 2.677716353972202
-13.49454075136793 0.11533757351369299 2.671364714527896
-13.50487139506825 0.11621388040859092 2.666585650241908
-13.536213950206072 0.11602334640866277 2.652071484219758
-13.545397809375055 0.11729599498047151 2.653070570528535
-13.571172644835073 0.1199882914728703 2.6449938083326243
-13.586811924265726 0.11903690311514556 2.640479202424003
-13.613521020471993 0.13522631195303114 2.64614554048144
-13.627038351403527 0.13793894741855298 2.6562253082031217
-13.653065022896099 0.14354663256743047 2.6580612284593554
-13.662524813435821 0.1417095492719449 2.6455646553635166
-13.679676877241933 0.14121530414767966 2.6476848810394626
-13.692235157368989 0.15060496039915977 2.646091943191581
-13.707648891616795 0.13526790389146143 2.6466510814957642
-13.723896094252245 0.1331373894553264 2.647532788302012
-13.74300335328474 0.13721333763343047 2.651094295953171
-13.756344722333493 0.13608929920730964 2.658347336531234
-13.773300828906441 0.1364927552389044 2.662645948603661
-13.791139413466949 0.13000604923500994 2.6659492532833307
-13.810178758233421 0.1375882440275373 2.6713400132481517
-13.82293748371176 0.13119894717374084 2.678797898591635
-13.841438872220499 0.13468077444152338 2.682619832147492
-13.870246923103913 0.12740841597833683 2.691447881576879
-13.878024565514188 0.12097244454140547 2.692165056186229
-13.893586330926022 0.12012246400788451 2.696318260215982
-13.910088846569673 0.11909858462134318 2.701902316624545
-13.92487194624897 0.1135997350286723 2.706656562194743
-13.942346669357244 0.11719077362843758 2.7221793072060025
-13.969104723248217 0.11230408092399001 2.748121022839781
-13.982754131149528 0.10907561422080667 2.7501146237718137
-14.006166353934637 0.11264574708964659 2.7564364922532674
-14.019923583700566 0.12123930699962357 2.7557048191036406
-14.032649274037375 0.12433675742037677 2.7605183832665725
-14.049718757512753 0.12973314185439686 2.77374569616728
-14.06574712801417 0.12433050620441266 2.786164957818931
-14.078986762082101 0.11919010396381653 2.794082521122874
-14.098799374522175 0.10774660421990856 2.800195974627041
-14.113075560284969 0.11658172472215118 2.8007919200660965
-14.139963345165595 0.12689924493999483 2.8031097312770665
-14.15898143066087 0.13091278038278042 2.802360933419834
-14.18195698632392 0.12959094204014793 2.802199385612189
-14.188005481817095 0.12802435605514573 2.7938078914024302
-14.20367521023249 0.12801855997514971 2.7973272926305244
-14.21805517396974 0.1270517846179 2.7986304879776105
-14.231782281395846 0.11674899090554534 2.8024491445409074
-14.247655032589696 0.11281994622415711 2.8077587327538955
-14.27281934203733 0.1108276769149375 2.788968402022113
-14.287490571167663 0.10755962325621939 2.7883077235881117
-14.306571587732249 0.10316479508581351 2.7928779309468297
-14.332254380820716 0.1152859777464705 2.7819360395288744
-14.332830610498316 0.10980096590730605 2.769310881568554
-14.382847383341225 0.1270947784518831 2.7758172836470436
-14.403469738160888 0.13338263347936258 2.7688245250082053
-14.4232645128944 0.13748419562149178 2.7599701861961528
-14.41770014715436 0.11267918917832415 2.7433667022883093
-14.459143580674322 0.12553440203254027 2.7598827844152565
-14.450700564509908 0.11899741740096323 2.75664800850765
-14.482390427083812 0.12556204177528826 2.7604882553968277
-14.493997466864089 0.12263131795059182 2.766199511153773
-14.503550584622978 0.12446222151792927 2.767211720317402
-14.518702344815521 0.1220006024605702 2.765937383419188
-14.531157420292326 0.12482109434829453 2.775665648457325
-14.548286921046216 0.12158441340825163 2.773136087981836
-14.571085157637366 0.12487897622290939 2.7618637235393546
-14.595626885651455 0.128417771378671 2.762496122254853
-14.628785059953067 0.12634387412454992 2.7771615682179434
-14.64552371960022 0.1198300229546739 2.7840993280264232
-14.659057495441495 0.1206016364853897 2.789848086418691
-14.672843420661732 0.1182730041397906 2.7953083361620106
-14.689771514511007 0.11880757514664783 2.798472646404151
-14.704970942067144 0.112956338333633 2.8042293723049374
-14.731335367607917 0.11114410579995682 2.8041288166837717
-14.755185782158023 0.11345909558911813 2.8068537007662187
-14.779455365897984 0.11534930629834243 2.8141433972157905
-14.800531665887467 0.11762565017877734 2.8223229286248728
-14.823567664101162 0.12242485879203367 2.8288359305230415
-14.84340202582115 0.12825765568963104 2.8349020824178597
-14.869669469642643 0.13222998759731097 2.844440121596823
-14.887837247205553 0.13727553603250395 2.850482201930471
-14.909027573114438 0.13816469221714348 2.858786984015925
-14.928166394582137 0.13986682924393515 2.861906256917541
-14.954426249886295 0.1435756345018961 2.8721112167386202
-14.973189642565055 0.14514442541563907 2.8801708203565237
-14.976452809047412 0.1409186725602678 2.882860006470702
-14.994010693038476 0.1398212810911409 2.8888453018354046
-15.016903040182626 0.13864545268614717 2.899144670288705
-15.033850924897655 0.1395635950918326 2.9046456371608853
-15.05185744722408 0.13784713019906553 2.90438488470447
-15.05905298247975 0.1360501009529522 2.9000734652594637
-15.077916664228063 0.13436455649071594 2.907295151350332
-15.091668929891656 0.13364227587362754 2.9029545683595908
-15.105784220097027 0.1331709004432952 2.8900183864895004
-15.125106290979474 0.13065143391927975 2.891194299020958
-15.142370187239584 0.12667048282780471 2.8866386715945316
-15.159210572994837 0.12529839213286825 2.88037415533004
-15.177738545242894 0.12545224238681435 2.874817889083932
-15.196048844272005 0.12848091198325412 2.8660368976339754
-15.214035123115371 0.1272351391358644 2.853608729852171
-15.233835724779599 0.13448472720405186 2.859075059937129
-15.248016854848434 0.1352929018122682 2.8599132622586962
-15.261436590846877 0.13905325042496405 2.859005061339494
-15.274520701425864 0.13816474622563474 2.8553142729841747
-15.292998547312886 0.14008264943557514 2.8428539827315955
-15.314959725058255 0.14035103790607822 2.840340600914865
-15.340199385713131 0.1378310281487967 2.833739528929307
-15.358757519737786 0.14045151070506529 2.8316313745162764
-15.364578335969803 0.14252659062856346 2.8306222668592085
-15.3797573623671 0.13754507490875983 2.830570461165304
-15.397920857579084 0.13794178848669114 2.83457268567763
-15.416871312277863 0.14028770882922822 2.831060961597937
-15.435534336497517 0.1392486553258955 2.8334800404324145
-15.456121895405595 0.130289813087278 2.8353718784959208
-15.480479809883091 0.12823262381578643 2.8349681433482594
-15.503427652361614 0.1225559529187602 2.8392323388011844
-15.525751415311003 0.09503302292972376 2.847876772152939
-15.552414624603129 0.08466419696455346 2.8536165120479735
-15.564620140653657 0.10328957439785799 2.853626465179115
-15.585483141390709 0.09577812817761308 2.864861578248605
-15.600724064507105 0.09785300364810452 2.872608034542565
-15.619987010653821 0.09201721662536505 2.8826370535416554
-15.623078413432616 0.10707448595813533 2.878149544953403
-15.637955486757228 0.10738566908796673 2.8887996246029592
-15.638506929078723 0.1118736943746036 2.8927150666066224
-15.667933916030618 0.11520672556961603 2.901105214520861
-15.680244191378524 0.1093896012590585 2.914352783319276
-15.685325780737836 0.12935699071838697 2.91447023342082
-15.69113218422618 0.13646843841091258 2.9150938525871046
-15.714226192808756 0.11287591884147334 2.9246187088446503
-15.726253837630795 0.09843005935475964 2.9375814387847656
-15.733720509107819 0.11176936483155117 2.9529088659040967
-15.745443831330139 0.10534087493378679 2.9734250220065883
-15.76020860087262 0.12232553980859968 2.964205201062871
-15.775910281187368 0.11889252745819304 2.969127786540353
-15.7976680726164 0.09754351332575803 2.973240085846892
-15.817889932981878 0.09230115065157296 2.9792809004047367
-15.84979703054194 0.08847429423152811 2.980955165331695
-15.871769512415156 0.07745985188218936 2.9812077850681975
-15.903994135375656 0.07897143000621415 2.983891710085878
-15.929382466513555 0.05404134721146261 2.979934623711542
-15.949085181466726 0.044149547478113525 2.9774261674639755
-15.985289400244394 0.031021792096696546 2.9661531189594283
-16.014644671934064 0.01968186195751946 2.960516692205493
-16.01425354507341 0.043396496365931424 2.957915171992161
-16.03268340174713 0.04235193576518613 2.9623986344150195
-16.04020997652105 0.04485263185861715 2.9634756538636404
-16.05327509875778 0.052562202034044145 2.962953664809074
-16.06990762317004 0.0553969624888281 2.9602692827233854
-16.077934062089717 0.050561871310002726 2.96840151989789
-16.084596699243065 0.051402773294735526 2.9689505317470557
-16.10849740013388 0.048306231549470904 2.9548539708998565
-16.115905355517445 0.04727842316431947 2.9576894255241886
-16.12955528305678 0.05042048936646482 2.958635412228162
-16.137574564157674 0.05357797880731603 2.961740155028073
-16.155290666914794 0.045954999798849594 2.9569823110049764
-16.161344264630234 0.05851016903674603 2.9467678990885897
-16.168964194559024 0.05448012296125427 2.9451039365312566
-16.183473190730332 0.07308602029527982 2.9348255140754205
-16.192962498008782 0.0681326680776425 2.941488191258001
-16.22914026345343 0.0803127645695411 2.96959969450152
-16.24565282617771 0.08156470259992836 2.97762873721115
-16.257343145213472 0.08085779194188472 2.9776429014982613
-16.271191348197718 0.0781744133371021 2.9887794715714584
-16.283547583993247 0.07735724145172596 2.9975722043419584
-16.29739407941863 0.07581980552201911 2.9972281637257794
-16.31184587829704 0.06915923629376551 2.9977307051782383
-16.327887281519786 0.074755075311781 2.9982350086111786
-16.34241620330291 0.07270405842471273 3.0128982152295203
-16.35686002203309 0.06486334858903975 3.023765286039418
-16.369018748397522 0.06359868148169791 3.038765637038039
-16.378304350732186 0.058482836686452246 3.03915877617431
-16.393507282923125 0.053903613378098396 3.046303715323597
-16.40711758142427 0.057640315901351866 3.061326800291506
-16.43744133421063 0.055521387617747324 3.083089611223442
-16.451256651585815 0.056514056364465014 3.088879876305321
-16.472613565813102 0.05918356693347261 3.0941571752537325
-16.48837073740178 0.06377344264805794 3.098943192257974
-16.513946096278385 0.06860714185763972 3.116598140814502
-16.53174565590714 0.07352526597557896 3.118404700565832
-16.543265519723064 0.08118143359786648 3.125291703469969
-16.56710893470015 0.07534887517929378 3.16147574767881
-16.574628389176574 0.07326995033525319 3.1710844681428636
-16.589563252038083 0.07149853982074728 3.1861643919318414
-16.606066465549358 0.06985714234235718 3.197389543920811
-16.639943597658124 0.07048019529307685 3.194196103474698
-16.643559032713036 0.0603382499197259 3.208212886583196
-16.647988238947928 0.05872752602173654 3.206216923994509
-16.646991213850008 0.06310235084685223 3.1932814395690903
-16.66410658393282 0.055941679432537826 3.2006048052065275
-16.6734104956561 0.05954229146923336 3.195382174076266
-16.686332377815194 0.05363258683555677 3.198928025761033
-16.70025416330133 0.05409409218418191 3.204099015379083
-16.710821967356004 0.04445200629396753 3.2012797199930754
-16.72771063324373 0.04806282476338982 3.1984294655558294
-16.74986091335128 0.04838404879905409 3.1968053319192506
-16.761508138947278 0.04760772465993617 3.1983963195911818
-16.775149916601116 0.04185276352435371 3.195968446618231
-16.79148173523118 0.041921740385310484 3.1950931740066784
-16.80415456013149 0.04302203592109133 3.194853495185617
-16.817407202076662 0.04573529751425303 3.196281714196176
-16.827658370508512 0.05109071527125692 3.1934039355901946
-16.835048169308855 0.059206524207013486 3.1744329419821415
-16.851476853287615 0.06136724626682119 3.1777756575267597
-16.860388238332945 0.05574657581894042 3.184404381498071
-16.881688227907 0.050501476178289706 3.1924400473995505
-16.914984431621605 0.06230025651027858 3.1770859585623237
-16.92938128748601 0.06168999711714169 3.181124201704737
-16.945379578245408 0.06419403093855396 3.1780674598034953
-16.959444663879474 0.06503088595916848 3.1803244425877955
-16.97251472648145 0.06112262003564109 3.183476727721837
-16.983546650616468 0.06812800146594204 3.187223761730354
-16.999689654717763 0.060454063818285046 3.191206143359099
-17.013990449032576 0.060034268699568266 3.1952296972370258
-17.02644586358801 0.0539653995272564 3.1988889190501686
-17.037698730610394 0.06726055908995407 3.2068008253120874
-17.057672373977567 0.050606911316168054 3.2247527913424925
-17.067001028091653 0.05163006524482694 3.2285050783689906
-17.07871196085943 0.05184248716226788 3.2346214201741574
-17.093606432435358 0.050668253712981 3.2417155606065586
-17.11503150487414 0.049007308211872685 3.2630535891371375
-17.126143282098802 0.04635106786006717 3.2653949947567726
-17.139065908240163 0.06214005772025413 3.2711318146714117
-17.14988809807025 0.06714988698088724 3.278999126648034
-17.1717207270803 0.06266740817336577 3.2991663743618878
-17.178565928867044 0.06163935250778865 3.3063538375643082
-17.197786940561606 0.06919706783607726 3.318448895124895
-17.207101084884634 0.07167835727560065 3.326935762288609
-17.219747341173914 0.07220935614663623 3.328725986864942
-17.230242748560478 0.0727565485881624 3.332121623545084
-17.243938983792333 0.07124859532793512 3.3364852922037427
-17.256238375371048 0.07004532029627171 3.3467311761296292
-17.27087828780209 0.06546815952824667 3.356397230756488
-17.290122442069553 0.0695920257893711 3.365015806631779
-17.30038177488101 0.07080318438199162 3.3671518811693506
-17.31544456689798 0.06940860907350428 3.373188234843524
-17.326209120315106 0.06990235342473518 3.3775699453742494
-17.33659553187865 0.07075908135824326 3.373225518869222
-17.356589059046392 0.06413761155390439 3.3915106160260047
-17.367573974775752 0.06799260162660223 3.387464454372898
-17.37986090528298 0.06794271163539917 3.388711029529812
-17.39624363934891 0.06675001425261015 3.392309725555698
-17.411807611404903 0.06092470749199377 3.3921251443697473
-17.42841781248842 0.05759090842450854 3.3963190434415838
-17.456227846660155 0.057386216037798934 3.396464364509968
-17.472775324420823 0.056537522194774696 3.398097481647132
-17.48869598680502 0.058487783291061204 3.4027470145978667
-17.505385644066962 0.059129331006729964 3.4041880191307703
-17.518351996635246 0.05562152402809298 3.398791272457724
-17.53620301327482 0.0589251856869371 3.403381622505184
-17.550409897745148 0.05577170607249157 3.40101267726995
-17.56348479388634 0.05815357132716996 3.402897057072143
-17.583255145790332 0.06633786480341602 3.4075968984334883
-17.595183652164323 0.06611474953222184 3.4127042698914485
-17.610308826222955 0.06730881242013637 3.411412035238479
-17.621447754856817 0.06924831643856921 3.415069780032451
-17.632637023412485 0.07210151015478089 3.4187378203260206
-17.64401298898388 0.07134064729890058 3.4266843364010757
-17.658868866605893 0.06904517789131855 3.430980408940453
-17.671064402507476 0.07034334664730389 3.4383446394089328
-17.687233832921677 0.0709248664200201 3.445468887711983
-17.696309469820825 0.07014901855418831 3.451841556382769
-17.707202490803255 0.06872066579154049 3.459207327648926
-17.71509458005677 0.07107266989648008 3.463989173362706
-17.725470028375945 0.06847182644401727 3.476595018747723
-17.745410329396115 0.06521000806176641 3.4858622613810066
-17.746793110713185 0.06634062654468977 3.4908980596825545
-17.763955007718273 0.058092064168434925 3.5114360649271967
-17.772555396117035 0.05831694829589735 3.5220895045038247
-17.78458996058707 0.06328799975137495 3.5328487692893793
-17.79199356997048 0.06713758487691815 3.5457889008934176
-17.798106842376086 0.06747938443936426 3.554184128237366
-17.811494474209105 0.06850322885775287 3.5731506245021487
-17.824122905090427 0.07196123193415668 3.5859660705991416
-17.831404691811258 0.0691735223750532 3.5951786466850457
-17.842413180756274 0.0694992360776839 3.6030051011597024
-17.85073296938257 0.06801390540514451 3.609521595138194
-17.850349383314537 0.06896671924340873 3.6101868523443876
-17.875031768241563 0.0814999573504882 3.6307634459664717
-17.881873849204297 0.08605121224324089 3.6391032441483713
-17.893659260173337 0.07584750868960216 3.6502811136982514
-17.892701038890486 0.07341700262754189 3.660893393245903
-17.901669127788672 0.06675885621917442 3.6728066276224682
-17.90783320597953 0.08582426785819323 3.6894573603385457
-17.91278522285493 0.09352437755976169 3.7130117918593424
-17.91716381051338 0.09732975967517316 3.7067916721975145
-17.929864816017485 0.09434726794334011 3.7069013271231794
-17.935736138143128 0.0904851924849405 3.714585968188768
-17.96436904447225 0.09100488230699384 3.7211559575271327
-17.967155687324976 0.08906275088240583 3.723651030818006
-17.97304031898853 0.08903834481864081 3.7312138544283915
-17.98063489315539 0.09308783850305301 3.738425625605071
-17.995913846829204 0.1029991038890239 3.74120306029989
-18.00350005524632 0.10301070844538546 3.7443123537831244
-18.01348575010872 0.10857646834029377 3.755023868323476
-18.029833484682335 0.11196755683170587 3.7551601963936694
-18.02965276521242 0.11282539549371924 3.7642433148192787
-18.047422268062718 0.11431248128937292 3.7659117329047556
-18.066778309043045 0.11060016549637156 3.7653905557207974
-18.085309696296136 0.11252271862383781 3.765353079193651
-18.081978532483852 0.11088409657613443 3.767239921956757
-18.116047681072324 0.10730222225219509 3.771178056816421
-18.120713397002106 0.10203114870756233 3.773637128153676
-18.121773858210183 0.10694239118044305 3.7797979239630672
-18.123251216288033 0.10526745674256288 3.779144603242255
-18.157178178884266 0.10825174861767833 3.7965149649465895
-18.15674444705966 0.11265341720074269 3.804419831375805
-18.1639634231937 0.1095769853668011 3.808177885990135
-18.161101048116564 0.10967430906184888 3.813105691691124
-18.17450535853159 0.11210837664001208 3.8226629479078964
-18.175670866377054 0.11138326961749805 3.8281893039610555
-18.178818196288702 0.11042533396797735 3.846247344751948
-18.184816680415416 0.11361573351140479 3.8517204420894835
-18.186858767876345 0.11340989652383615 3.8593472049168147
-18.187336730233888 0.11525609513677043 3.8670067800343864
-18.201122090651275 0.11379498163776915 3.885263547225253
-18.201782318733137 0.11136436677991654 3.901316435589181
-18.209345611872052 0.11058443085589476 3.9125743285816608
-18.21426484389049 0.1085473924844711 3.926735890723638
-18.215480624907336 0.10951370344920378 3.9408844958831697
-18.222201070371653 0.10870862705482573 3.9532864792350404
-18.216411291300346 0.10836518199115876 3.962518013197238
-18.227631606687687 0.11093385797178051 3.9726786251413237
-18.230621976359863 0.1147696029221272 3.980126523162787
-18.224861431689064 0.11468746429793131 3.9901263531843556
-18.23062699430566 0.10751210143958541 3.9976541343942236
-18.225578423015747 0.10764781201355175 4.008551805165872
-18.235523314710306 0.10612891247874212 4.023803500642323
-18.227163204688736 0.10257496788634635 4.02848617538607
-18.226468319033792 0.1023042224596108 4.036148273609948
-18.248022188282206 0.11043484539840684 4.048981230975594
-18.250121962461023 0.11198177597183076 4.059191164814719
-18.25543242011807 0.10931774551508827 4.072062728880614
-18.26366938811971 0.11097299405536679 4.088877622836929
-18.276061017002384 0.1119712485296035 4.096026396798742
-18.329541334940174 0.1194707465021602 4.113240577396118
-18.29177787236906 0.11530943023393614 4.119684837798903
-18.29097167752012 0.11513585009242269 4.1259329673798995
-18.33862263257749 0.11383232846139917 4.133136805415697
-18.34149664821546 0.11651523444422512 4.139918349386878
-18.339819438748293 0.11264857385102574 4.143453792726094
-18.351698329509745 0.11153624502383992 4.153153100994497
-18.34555695721626 0.11116643669443604 4.151894322505526
-18.348263229632856 0.11162210004937473 4.163900213558564
-18.35706721031449 0.11547845141075246 4.16589239195214
-18.362417998720332 0.11944287949697366 4.164570128265783
-18.36531704017289 0.12024633757376325 4.165196174347494
-18.365193016188066 0.11891481191151315 4.164205180092881
-18.368941485089152 0.11598053589532055 4.170350327079482
-18.36141505101739 0.11669595312605886 4.179151402146626
-18.365482885243445 0.12088392464629727 4.181670767482801
-18.361490710407594 0.11593867857862952 4.1758904946038315
-18.363023951037846 0.1162370910110051 4.170671414804705
-18.36328219172203 0.11493913538812447 4.177794396860229
-18.37335625150287 0.11280025559272175 4.198156418869735
-18.374032065990768 0.11237952776942618 4.200140793007813
-18.375125919935655 0.11116653384154968 4.205431837694879
-18.374437534734476 0.11202155989666328 4.211170153626897
-18.516825699506832 0.12080635190940482 4.2922215248503495
-18.524387887332097 0.11899969548460927 4.290693064349803
-18.371406456858523 0.10635406673373254 4.246011237791818
-18.370403768407918 0.10459202990215483 4.256477016602717
-18.374498863243304 0.10476457743098502 4.2731141998993465
-18.373760742386423 0.10384781263225153 4.275082203789125
-18.517566044002727 0.11357558986526889 4.37008503113123
-18.517301564642274 0.1105914048036969 4.38597128528768
-18.516789207529413 0.10783243751354392 4.408657871099757
-18.520675550600913 0.10974726334896767 4.422763778997711
-18.540263724623273 0.11061178416486146 4.463632574833663
-18.52581335103347 0.11611889228977446 4.4589071674117235
-18.52457827983053 0.12144007749000557 4.471200775272888
-18.524222667300833 0.11741182525509519 4.488570149216835
-18.52911068457854 0.11751996290456188 4.501922526152691
-18.526606967925893 0.11509535084603917 4.514479205142297
-18.53011640645998 0.11622033598605898 4.526592229100885
-18.53261514231844 0.11489852756018232 4.537813635742869
-18.53029224297515 0.11379773168045393 4.548969533132256
-18.52943807350789 0.11236425604845798 4.558935827023065
-18.527625588086387 0.1139009333443808 4.571896636175236
-18.53055619165223 0.11818141173792615 4.581640322554912
-18.534121803049253 0.11495809576151422 4.592833154519772
-18.535198924044018 0.10811244788617264 4.604860829582526
-18.543515471103888 0.1128133786239891 4.623996243776611
-18.54328533456306 0.11010227792394031 4.62495239723393
-18.544488268028445 0.11295484384501825 4.626681616081233
-18.54431289779967 0.1126025789998839 4.636994634910049
-18.58853241785122 0.1071019319469907 4.666399783665819
-18.594755758775094 0.10641976056746469 4.672029749051994
-18.598315669540384 0.10751895206780625 4.672410003342981
-18.601645876191654 0.1061391301236147 4.6858024634017585
-18.604209621315405 0.10678845975619633 4.696289326587789
-18.607133799149068 0.1072449193819528 4.697106252718552
-18.607321415183755 0.10864446624019411 4.69718449751898
-18.60630868169418 0.10984623235315105 4.7014514386853214
-18.610562847902962 0.11015425633818071 4.707106618039127
-18.60752652809495 0.11331220945142129 4.706175449437867
-18.608938950394062 0.11234024532082057 4.712483367313377
-18.610771445100816 0.11037670665125954 4.70769726957592
-18.619724676073794 0.11123406455065321 4.717121946878374
-18.616403754600604 0.11222175764879885 4.716074356022361
-18.60973286581671 0.11106675013843015 4.724424977810759
-18.608855783590144 0.11230357318512013 4.72487375113971
-18.608512977551527 0.1103205261494536 4.726324317716829
-18.622585283992564 0.11568158551252837 4.733133625564977
-18.603319217643993 0.11168223669089006 4.746228068125559
-18.602018633206214 0.11089881104197141 4.747537649624344
-18.60203575650442 0.11039138718820263 4.7560380140572125
-18.602874527019623 0.11165476594463215 4.753808828944365
-18.607341079478033 0.10974469224892205 4.763545727562671
-18.60687589262804 0.10800918143213908 4.7729839374928185
-18.606920216473355 0.10574696942615658 4.782002471862376
-18.603563179278595 0.10354406757165384 4.798604478428622
-18.602004863280108 0.10230787698751448 4.803373551496237
-18.595400720218365 0.09516851015604778 4.820408400487344
-18.60018996130332 0.09886044028837297 4.844838165716125
-18.59149698034387 0.0895507737113285 4.8560323975496305
-18.58811062460508 0.0970429865457014 4.85339279576989
-18.587150930628177 0.09719491770264431 4.867666702467978
-18.581969290947498 0.0996597508960437 4.890370124329255
-18.584400437486572 0.09606799081861198 4.902742121504619
-18.58381761346221 0.09473630726580934 4.905397650252408
-18.583257751051725 0.09647609537896575 4.909416594948112
-18.577300957641633 0.09002427549482521 4.922540673318122
-18.570464767916732 0.09012597888454166 4.930714443656379
-18.550584363962592 0.09634222673446582 4.949447755170639
-18.557227862963067 0.08823349719712925 4.954202734704497
-18.554969280661552 0.08808550430017979 4.963780602420671
-18.557935487066068 0.09016911070793303 4.978499336500141
-18.562036631199973 0.08941903578481711 4.974106267154555
-18.552047876103124 0.08746441165488215 4.987728685617715
-18.55123171571738 0.09277213196899217 4.9843602743999
-18.55144776312541 0.0807719396597164 4.980505876256487
-18.568089894788955 0.08642518954136344 4.966343830977501
-18.564650339564366 0.08390344484852472 4.974819883885571
-18.566865880663393 0.08441533328613675 4.982565182722917
-18.567739827259757 0.08542349855876508 4.990157439112169
-18.568823050965193 0.08507935894499342 4.99674570995455
-18.569354186849388 0.08377447268663225 4.997274932380252
-18.570109169724056 0.08520359550355602 5.001392670907399
-18.57054766116017 0.0795351722533441 5.004356899321345
-18.570340490842987 0.08021677520895153 5.006964824749364
-18.570652282473908 0.08027876126320435 5.008168803465504
-18.57242083810234 0.0785836183124896 5.009946282902595
-18.573628270596984 0.07605091610577651 5.009957780971407
-18.57465568662485 0.0763516451301871 5.013303657734424
-18.573916286617397 0.07836971193254438 5.014018948833708
-18.574761718427055 0.0833590345941589 5.01380957297188
-18.57447742423434 0.08403775442492437 5.014678061066039
-18.58317557649142 0.07606753692025986 5.0057181044431704
-18.587310652955118 0.07378154547950522 5.002111843124258
-18.581073350241795 0.0777235906905802 5.011150417752016
-18.583418236201716 0.07721814623861664 5.009212878098522
-18.57658546776372 0.08025725398440615 5.018876222637123
-18.57149648918478 0.0872479599238163 5.027566499633372
-18.570083741352427 0.08827908036832953 5.030806114960985
-18.573844316755462 0.09164146921406645 5.035876703661873
-18.569022268755745 0.09596326954008223 5.04929069710023
-18.571350587420262 0.09491937323843411 5.04267055329738
-18.580968584941928 0.07857776425437077 5.062958933788849
-18.57871031071884 0.07984872874277947 5.0618916891154875
-18.574937361629594 0.0803201590212683 5.073271408657192
-18.575881023195997 0.07589498482798485 5.07266931429105
-18.577456209328332 0.07837051790790416 5.059366154471233
-18.574856365653503 0.09073289204235221 5.072952562977883
-18.55335908407193 0.0778563733608158 5.0664052914534805
-18.538364265952076 0.08366768143446499 5.058354106032759
-18.539739792550264 0.08122974310360764 5.084085714244995
-18.53914859281293 0.07968731303411272 5.085101736948218
-18.538537842725262 0.08324751351838806 5.086766386405478
-18.529611236329885 0.08795930871308642 5.097483261955953
-18.52788004983786 0.08973437715322725 5.100185302557281
-18.527188433155338 0.09050412345303731 5.101458530356075
-18.525484633641106 0.0902074061321917 5.104226476989281
-18.51839113583668 0.09540221703124514 5.1131253624898685
-18.51530624008403 0.09706351210694561 5.117571050713932
-18.50921169438245 0.09983069619168289 5.125238813644086
-18.510701627806228 0.09865688757438547 5.123666291316888
-18.513179464213472 0.09728367661529932 5.120913546774565
-18.512131470761453 0.09813562845010489 5.123015366860182
-18.512363195296977 0.09894169109990918 5.12349168202251
-18.52096933961196 0.09314206955780077 5.1133439028807
-18.51499145943621 0.09890491637990485 5.120837828052907
-18.506270636816488 0.10309237650440124 5.1311639479846685
-18.504066586625825 0.10491999683202674 5.13550017484058
-18.502396693235752 0.10532597815661361 5.137821192501494
