17523166343000
17523200166200
17523232891700
17523265414100
17523298252300
17523331211400
17523364287700
17523397754100
17523430923600
17523463328700
17523496539200
17523529309700
17523562398300
17523595242900
17523628305200
17523661770500
17523694367700
17523727417800
17523760392100
17523793824200
17523828347600
17523859994500
17523892630200
17523925764400
17523959824900
17523991266600
17524030996200
17524057233700
17524090419100
17524123267300
17524156392400
17524189254200
17524223137000
17524255736900
17524288526000
17524321643000
17524354267800
17524387298700
17524420962100
17524453490900
17524486776300
17524519217400
17524552061400
17524585242800
17524618973100
17524651262300
17524684298400
17524717511000
17524750298000
17524783138300
17524816787900
17524849196500
17524882137400
17524915221100
17524948222000
17524981049000
17525014395100
17525047237800
17525080309400
17525113750600
17525146124600
17525179222100
17525212542400
17525245181900
17525278246200
17525311446900
17525344227300
17525377207400
17525410271200
17525443570600
17525476760200
17525510192400
17525542260600
17525575900200
17525608178900
17525641188300
17525675013900
17525707203600
17525740308300
17525773254400
17525806264500
17525839205400
17525872257600
17525905165900
17525938457800
17525971420400
17526004415400
17526037175000
17526070214100
17526103567000
17526136152600
17526169535500
17526202108000
17526235405600
17526269294200
17526301849700
17526334775200
17526367139000
17526400739500
17526433079000
17526466257900
17526499219200
17526532256800
17526565137000
17526598360900
17526632480100
17526664094700
17526697189700
17526730139300
17526763560600
17526797152000
17526831239400
17526862192500
17526895719900
17526928685400
17526961053100
17526994323900
17527027813100
17527060157600
17527093451200
17527126143700
17527159415200
17527193226800
17527226690100
17527260645100
17527291147400
17527324224800
17527356963400
17527390166800
17527423749200
17527456302600
17527489222200
17527526144400
17527555146900
17527588104900
17527622051700
17527654186600
17527687194000
17527720143700
17527753156600
17527786138700
17527819702800
17527852199700
17527885235000
17527918145600
17527951657000
17527984196600
17528017727500
17528050166700
17528083133600
17528116124400
17528149112300
17528182033500
17528215708000
17528248064000
17528281139400
17528314139300
17528347127500
17528380124000
17528413131700
17528446132100
17528479235100
17528512075900
17528545125500
17528578117200
17528611350000
17528644511000
17528677115600
17528710127000
17528743074100
17528776084500
17528809022200
17528842180300
17528875124800
17528908176700
17528941476600
17528974123600
17529007170300
17529040177100
17529073108700
17529106190600
17529139139000
17529172199700
17529205097000
17529238195600
17529270968400
17529304134900
17529337149300
17529370126400
17529403140600
17529436159300
17529469118400
17529502164700
17529535100700
17529568166400
17529600954500
17529634221500
17529667078200
17529700144400
17529733065200
17529766438800
17529799131800
17529832834900
17529865010100
17529900455200
17529930996100
17529964156800
17529997153400
17530033986200
17530063381100
17530096118600
17530129177700
17530163015700
17530195065900
17530230792700
17530260961600
17530294244400
17530327642200
17530360388200
17530394185400
17530426652000
17530460639300
17530492423400
17530525620300
17530558283300
17530591213100
17530625352900
17530657986300
17530690289800
17530724194600
17530756269400
17530790585900
17530822159700
17530855194500
17530888103600
17530921062200
17530954197100
17530987209800
17531020783000
17531053201000
17531086313900
17531119318400
17531152276200
17531185297900
17531219052200
17531251314300
17531284405100
17531317268200
17531350379300
17531383297700
17531416873500
17531449337300
17531482313400
17531515313400
17531548318700
17531581256700
17531614620400
17531647338100
17531680290400
17531713368700
17531746312700
17531779280800
17531812273200
17531845198700
17531878211700
17531911059700
17531944187900
17531977207400
17532010205900
17532043343200
17532076188000
17532109798700
17532142346300
17532175442700
17532208674100
17532242449400
17532274245500
17532307287900
17532340274200
17532373336200
17532406383600
17532439272100
17532472164000
17532505779300
17532538266500
17532571305700
17532604290100
17532637278100
17532670512800
17532703280100
17532736303300
17532769248700
17532802074600
17532835238600
17532868435300
17532901183900
17532934280400
17532967488400
17533000669300
17533033331000
17533066517900
17533099757600
17533132264000
17533165395100
17533198309500
17533231331000
17533264255100
17533297724700
17533330318300
17533363285800
17533396972300
17533429547800
17533462589600
17533495532600
17533528775600
17533562360100
17533594386200
17533633269200
17533662747600
17533695021500
17533730665200
17533761476300
17533794298500
17533827263300
17533858299600
17533891514300
17533924284100
17533957399500
17533990339300
17534023855300
17534056348400
17534089268700
17534122347900
17534155489600
17534188750400
17534222841600
17534254259200
17534287698100
17534320646000
17534353572100
17534386390400
17534419641400
17534452287700
17534485330200
17534519089700
17534551504100
17534584281100
17534617483300
17534650260800
17534683482300
17534716436100
17534749899800
17534782311800
17534815833000
17534848264300
17534881262200
17534914325400
17534947280200
17534980396200
17535013689600
17535046390100
17535079370800
17535112561900
17535145382800
17535178357000
17535211401200
17535244400300
17535277285100
17535310322200
17535343348000
17535376275300
17535410085500
17535442653000
17535475901600
17535508515100
17535541410700
17535574374500
17535607395300
17535640451100
17535673308200
17535706354600
17535739354300
17535772378200
17535805305600
17535838428600
17535871478000
17535904513400
17535937697200
17535970531100
17536003668300
17536036706800
17536069435500
17536102428500
17536135293600
17536168548500
17536201366900
17536234379000
17536267372100
17536300588400
17536333386900
17536366391700
17536399880600
17536432855700
17536465389300
17536498376600
17536531193700
17536564612800
17536597616100
17536631756100
17536663860300
17536697412100
17536729855300
17536763533900
17536795574100
17536831988800
17536861862800
17536897355100
17536927372100
17536961109300
17536993614100
17537033030900
17537059858800
17537094626400
17537126244200
17537161305500
17537191547500
17537227709200
17537257757700
17537290438500
17537323322600
17537356385600
17537390198200
17537423085300
17537455509900
17537491269600
17537521833600
17537568886100
17537601650700
17537632592800
17537663629800
17537696763500
17537728808200
17537760905000
17537792559500
17537824237600
17537854158000
17537885803700
17537918760400
17537951924100
17537984770000
17538018406800
17538051222700
17538083937400
17538116753600
17538149922000
17538183087400
17538216364500
17538249327700
17538281757000
17538315054900
17538347878400
17538380781400
17538414131500
17538446900000
17538479928000
17538512781400
17538545803900
17538578793200
17538611786300
17538644843300
17538677758400
17538710828500
17538743935500
17538776789300
17538809797800
17538843140300
17538875801000
17538910618100
17538941837700
17538974965800
17539008034100
17539040782700
17539073807800
17539106831400
17539139834700
17539172931300
17539205781100
17539239265700
17539271755900
17539307996000
17539344826900
17539378231100
17539410878700
17539443051700
17539477108600
17539510440900
17539543607200
17539577629800
17539610922200
17539643897900
17539677298800
17539709905400
17539744093600
17539777943500
17539820714500
17539853272700
17539890149900
17539923995400
17539957389500
17539990874100
17540023997200
17540065271800
17540098747700
17540132126700
17540165516400
17540198981600
17540233426000
17540267846800
17540302703800
17540336588700
17540370324800
17540405778300
17540440601900
17540473892600
17540510517000
17540549844500
17540584723500
17540620513600
17540653366900
17540688290200
17540728479100
17540762367000
17540796686700
17540831820800
17540862975700
17540897831000
17540930440600
17540965089300
17540998960900
17541032613600
17541067795000
17541102759100
17541136313100
17541168515200
17541201420300
17541235220700
17541269579600
17541303369700
17541334464300
17541368332200
17541401449700
17541434893400
17541467723000
17541502467800
17541535440200
17541567591400
17541601140400
17541635643300
17541669538000
17541703233300
17541736602200
17541772319700
17541806615300
17541840899800
17541874639000
17541910813400
17541944306700
17541976645600
17542010934500
17542045529600
17542079205600
17542113326400
17542147948900
17542182073100
17542215683600
17542252079900
17542284906100
17542319598000
17542353414900
17542386625400
17542423567700
17542457622600
17542490456000
17542523130200
17542557307200
17542590942400
17542628543700
17542661421700
17542695359600
17542730697300
17542767570200
17542803110400
17542838814500
17542873328800
17542906989600
17542940618200
17542973925600
17543010119800
17543044713100
17543078593600
17543111665300
17543147933300
17543182176100
17543216045700
17543249403400
17543284130300
17543319427400
17543351916600
17543385798600
17543419501300
17543452482700
17543484933100
17543519010800
17543551882900
17543584928000
17543617853300
17543651391500
17543683610500
17543718347600
17543749821300
17543784201100
17543819842400
17543851983300
17543885625800
17543917267400
17543951704200
17543985866200
17544017852300
17544051785600
17544084548300
17544119461700
17544152629100
17544184923900
17544219756900
17544252327700
17544285008700
17544317816400
17544351693600
17544384889800
17544420141600
17544451703500
17544485022900
17544519722900
17544551488300
17544586101400
17544619626100
17544651458400
17544685218600
17544720074900
17544752094100
17544785628000
17544817897600
17544851667600
17544885686400
17544918914700
17544951391500
17544984626800
17545019700700
17545051309800
17545084925200
17545118752900
17545151503500
17545185913400
17545219807300
17545251301000
17545284718800
17545319103000
17545351477700
17545384841600
17545419579200
17545452711700
17545484925300
17545518950000
17545551406300
17545584889500
17545618952400
17545651360500
17545684939800
17545719632000
17545751964700
17545785911800
17545819649200
17545851563500
17545885912600
17545918984000
17545951422700
17545985673000
17546019502700
17546052187900
17546084745700
17546119556100
17546151318900
17546184543600
17546218258300
17546251339200
17546284539600
17546323915900
17546361140700
17546391351700
17546423722200
17546454239900
17546484656300
17546519183700
17546546209700
17546576819800
17546610806000
17546644239800
17546676476700
17546709176400
17546741565700
17546774547900
17546807462000
17546840553700
17546873499900
17546906611000
17546939654700
17546972595200
17547005559500
17547038616600
17547071485100
17547104472300
17547137520700
17547170503500
17547203496700
17547236416900
17547269514400
17547302531500
17547335632600
17547368583900
17547401494800
17547434482700
17547467467400
17547500537900
17547533517600
17547579911700
17547606426500
17547634419200
17547665931200
17547698951800
17547731758900
17547764780700
17547797815600
17547831042800
17547863874900
17547897006100
17547929929400
17547962823400
17547995894300
17548030015500
17548061832400
17548095436800
17548128165500
17548161210200
17548194095700
17548228510000
17548260848600
17548293030400
17548326450800
17548361255000
17548392966200
17548427977900
17548457894900
17548490812800
17548523826100
17548556740700
17548590301700
17548623747700
17548656328600
17548690981400
17548721708200
17548754806800
17548787759400
17548823592800
17548853971900
17548887039800
17548920080100
17548952859700
17548986878500
17549019984900
17549051729100
17549085161800
17549117806600
17549150811800
17549184951200
17549217200900
17549250389700
17549282868100
17549315655300
17549348961600
17549381691600
17549414963600
17549447771800
17549480954600
17549513608400
17549547237800
17549580568900
17549612924100
17549646877000
17549679144100
17549711582000
17549744694600
17549777954000
17549810545300
17549843837600
17549876652400
17549910637000
17549943286100
17549976489300
17550010060400
17550042704000
17550075948800
17550107626100
17550140426900
17550173635800
17550206573300
17550239744500
17550272743100
17550305734900
17550338753600
17550371713500
17550404660600
17550437520700
17550470537300
17550503562300
17550536918700
17550569613500
17550602509600
17550635440100
17550668694200
17550703062000
17550735479400
17550768773500
17550802703500
17550833973900
17550866510800
17550901916700
17550933201300
17550965985400
17550999632700
17551032437600
17551066183600
17551099350800
17551130898200
17551164432000
17551197836100
17551231258500
17551263810400
17551296688600
17551328917400
17551361777400
17551395467600
17551429000600
17551462201100
17551494670200
17551527001600
17551559995200
17551593848300
17551629413800
17551660149100
17551691867700
17551725058900
17551757899500
17551790620800
17551825515200
17551856665400
17551890859500
17551924029300
17551957200200
17551990408300
17552023264900
17552054943200
17552089026000
17552121240400
17552153911800
17552187278900
17552221234700
17552253001700
17552286134100
17552320669900
17552352143300
17552385165500
17552418324000
17552452177800
17552484025700
17552516782600
17552550010100
17552582691300
17552615983600
17552648791600
17552681888200
17552714838100
17552748001700
17552780850800
17552813948200
17552847212400
17552880448500
17552912665100
17552945926100
17552978797900
17553011812400
17553044829300
17553077916300
17553110861400
17553143699900
17553177016200
17553209995600
17553242912400
17553276374200
17553308952000
17553341812100
17553375190400
17553407911900
17553440874700
17553473989300
17553506928100
17553539934900
17553573091600
17553605950300
17553638796500
17553671868300
17553708297700
17553740463100
17553771787400
17553804380600
17553837101000
17553869799700
17553902742900
17553935743000
17553972497300
17554001691700
17554034671800
17554067711300
17554100679600
17554133833800
17554166743200
17554200208300
17554232886000
17554265620300
17554298870600
17554331700700
17554364625100
17554397832300
17554430987900
17554464185300
17554496739200
17554530187900
17554562682900
17554595615400
17554630825200
17554661625100
17554695045400
17554727694300
17554761048600
17554793924600
17554827069000
17554861158600
17554893075900
17554925785300
17554959096400
17554991670800
17555027653300
17555057752700
17555090989500
17555123793300
17555156685400
17555189838700
17555223320500
17555255844900
17555288995200
17555322593700
17555355350400
17555387657200
17555422331200
17555453742700
17555486754700
17555519809500
17555553155600
17555586958000
17555620433600
17555651842100
17555684886300
17555718664200
17555750962800
17555784086400
17555819135300
17555851098000
17555882746500
17555915632100
17555948853400
17555981986200
17556015092400
17556047752100
17556080741200
17556113589900
17556146638900
17556180134800
17556213211700
17556246274500
17556279413200
17556311539900
17556344747100
17556377810200
17556410720800
17556443704500
17556476861800
17556510156200
17556543105600
17556575765400
17556610379400
17556642242100
17556675141000
17556707850400
17556740339000
17556773604500
17556806409000
17556839376700
17556872453600
17556906465400
17556940870900
17556972512500
17557005794700
17557039599100
17557071362100
17557106010800
17557140301600
17557173997000
17557207489000
17557239738000
17557271951800
17557304699900
17557337059600
17557370134500
17557403099300
17557434088500
17557469548500
17557502726400
17557534227700
17557567218500
17557618128700
17557653116100
17557685486800
17557720223100
17557749246700
17557776384600
17557805097200
17557838029500
17557871068600
17557904057800
17557937056600
17557970388000
17558003563000
17558036134000
17558070939100
17558101870900
17558134974700
17558168020000
17558201075500
17558234088200
17558266847300
17558299910700
17558332845600
17558365799800
17558398615200
17558431899500
17558464583700
17558497796900
17558530706300
17558563819600
17558596898400
17558630313900
17558662685400
17558695942800
17558728863200
17558761745600
17558795122900
17558827973500
17558860827600
17558893877400
17558926932800
17558959887800
17558993392400
17559026701300
17559059595200
17559091948600
17559124786900
17559157749400
17559190732500
17559224304900
17559256760700
17559289871500
17559322763500
17559355739400
17559388788400
17559423096900
17559455075500
17559487806300
17559521264200
17559554122900
17559587045400
17559620836800
17559653491900
17559685803800
17559719024200
17559752182200
17559785591800
17559818575900
17559851266700
17559883962500
17559916915600
17559951072800
17559982854600
17560016498700
17560051581800
17560082034000
17560115882400
17560147821700
17560181307900
17560213873500
17560246974200
17560280020700
17560312961900
17560345936200
17560378940500
17560411892100
17560445081600
17560477948300
17560511155800
17560543908800
17560576973000
17560611400600
17560643031000
17560676054800
17560709290700
17560742377600
17560775206000
17560807859400
17560841014800
17560873810700
17560906979400
17560939922000
17560973145900
17561005928200
17561039983900
17561072246400
17561104847700
17561137952200
17561171361300
17561204164000
17561237007900
17561270364300
17561302814900
17561336138000
17561368846000
17561401802200
17561434795100
17561467786600
17561500969100
17561533893900
17561567108700
17561600182900
17561632852800
17561665786000
17561698773300
17561731743400
17561764852300
17561797725400
17561831040800
17561863844600
17561896786000
17561930016800
17561962781700
17561995770400
17562028980300
17562061835300
17562094877800
17562127838300
17562161005800
17562193925100
17562228029900
17562260422400
17562293078500
17562326615600
17562359798300
17562392006200
17562426226100
17562457891000
17562490933200
17562523792000
17562556941700
17562589893400
17562622802900
17562655809500
17562688883800
17562722049100
17562755150900
17562787720700
17562821412800
17562853764400
17562886797100
17562919882900
17562953190100
17562985848400
17563019376400
17563051855700
17563085266100
17563117918500
17563150835200
17563183830900
17563218061200
17563250711100
17563283224900
17563315995600
17563349013400
17563382687000
17563415351200
17563448002700
17563480757200
17563513993000
17563546915900
17563580465200
17563612912100
17563646506700
17563678851200
17563711785600
17563744832100
17563778249900
17563811018900
17563844122100
17563877165200
17563910886300
17563943703300
17563977009000
17564010463700
17564043520500
17564074738300
17564107887700
17564140725300
17564173962000
17564206832100
17564239867800
17564273093500
17564305763400
17564338937100
17564371833700
17564404794100
17564437707100
17564470991800
17564503855900
17564536782800
17564569738500
17564602808300
17564636587100
17564668865500
17564701888400
17564734729200
17564767693100
17564801179200
17564833841100
17564866772700
17564899824200
17564932782500
17564966008900
17564998586000
17565031831500
17565064791400
17565097799900
17565130761000
17565163714700
17565196921800
17565230304900
17565262874100
17565295701500
17565328898900
17565361704700
17565395102700
17565428177200
17565460893700
17565493902400
17565527004000
17565560753000
17565593344300
17565627722600
17565660325300
17565692778500
17565724943200
17565757715800
17565790749400
17565824456500
17565856731900
17565889802600
17565922798400
17565955774200
17565988910000
17566022269500
17566054734600
17566087795700
17566120802400
17566153827500
17566187167400
17566220301700
17566253028700
17566285697300
17566318892400
17566351743700
17566384814300
17566418370300
17566451215100
17566483894000
17566516945400
17566550080400
17566583337300
17566615911400
17566649337400
17566681789500
17566714813900
17566748175900
17566780995100
17566813696000
17566848231100
17566880680400
17566912899500
17566945773100
17566979470900
17567011976000
17567045392000
17567077832300
17567111040200
17567143947200
17567177008500
17567209964600
17567243045300
17567276413300
17567311049000
17567343239800
17567376261500
17567407886600
17567440775200
17567473985500
17567506914100
17567539705800
17567573162700
17567622565100
17567653589200
17567687153200
17567723771600
17567756562200
17567785990800
17567817045700
17567846753200
17567879014800
17567910717000
17567943423000
17567975653300
17568008028300
17568041333800
17568074799200
17568106747600
17568141539800
17568172770500
17568205630300
17568238660100
17568271630600
17568304656200
17568337699500
17568370720700
17568403623400
17568436642000
17568470312800
17568502642700
17568535618300
17568568654500
17568601718900
17568634863300
17568667649100
17568701005600
17568733973100
17568766654500
17568799760100
17568832960700
17568865490700
17568898670500
17568931746500
17568964770400
17568997690500
17569030790500
17569063766200
17569096762200
17569129880400
17569162779500
17569196142400
17569228962300
17569261715400
17569294865300
17569327700400
17569360705800
17569393760500
17569427446300
17569459847700
17569492746100
17569526248200
17569558941400
