x y z
-0.35445360436302453 0.5314051781516282 0.6204504884526454
-0.35329679165210814 0.5319724478503648 0.6220173747124896
-0.3531612967737852 0.5317043743235507 0.6230734069566306
-0.3538411262425755 0.5324316141479166 0.6246081885800417
-0.3514693790287657 0.5341675079655354 0.6254151815909562
-0.3513029445040517 0.535322677149049 0.6264611718724984
-0.3517630132887216 0.5378924469779389 0.6280563115613995
-0.34875246213698874 0.5379141659130555 0.6297029084437378
-0.3470819175874336 0.5408970556370868 0.6301945505144692
-0.3459382139723619 0.5408673579985811 0.6322509860157867
-0.3444592944915333 0.5459484310496053 0.6301092322023438
-0.3464298572489307 0.5467503751571766 0.6359996410689954
-0.3442020548337503 0.5462964263501123 0.6380889261253792
-0.3421975084928691 0.5449896891066942 0.6411226350909988
-0.34269314782426075 0.5460871932726719 0.6430521873537094
-0.3401486135173104 0.5453682102336247 0.6403874537440593
-0.33540890987814187 0.5485404303231166 0.6353536005972252
-0.34066605399134875 0.548702350791683 0.6402714886720522
-0.34135771218976896 0.5477193444609022 0.643849352362446
-0.3383472198457798 0.5483722473088025 0.6436322957952615
-0.33664375748659514 0.5481642319777873 0.6416864033686447
-0.3352541502649691 0.5465482442475281 0.6444026458891965
-0.33535625315574147 0.5465069343374042 0.6470077277250532
-0.33332520304670915 0.5443711316926652 0.6441378255220106
-0.33499135935480095 0.5454605702317223 0.6469928029329034
-0.332153331735279 0.5454010695449245 0.6446455904737475
-0.33199259675992343 0.5423834750490696 0.6473238213490187
-0.3327222851269329 0.5474645360034984 0.6444497763670437
-0.3345176011504395 0.5472692900710076 0.6460543823715695
-0.33530990942589906 0.5494448516556069 0.6443583442424115
-0.3345823695055112 0.5482183748187047 0.6441174928458311
-0.3372257331564703 0.5480089283862143 0.6475428417183238
-0.33608191773138907 0.5471026545652018 0.6475390630820885
-0.33435718617574955 0.5459775763562524 0.64441563258153
-0.33349261831438104 0.5478616465380817 0.6469072819976478
-0.33235002188766605 0.5466770458134856 0.6448642273649131
-0.33210131914913466 0.5458147720839877 0.6468270403388723
-0.33451716460181674 0.5472867841900052 0.6472341348508149
-0.3333137506774835 0.5455175372251403 0.646614901134391
-0.33392530481659816 0.5459522430397902 0.6469690831261398
-0.3347677661468781 0.5459571669871202 0.6495902986587027
-0.33518755636206266 0.543443188229702 0.6497521969127685
-0.3352356808050143 0.5449918679440792 0.6476305725768686
-0.332351744054418 0.5446700748363347 0.6429459961055654
-0.33475677896286377 0.5421581064078369 0.644385100792891
-0.33600051106182827 0.5441763136947868 0.6490792601353536
-0.33599653353051145 0.5417916936780327 0.6483989626398645
-0.33748085287884466 0.5425833865840852 0.6486013141082416
-0.3370103195271952 0.5442846698070031 0.6468068029217444
-0.3353359742444871 0.5428553034513975 0.6478433929768252
-0.33947809509561144 0.542434699021134 0.6474322960833696
-0.3410761997333341 0.5435605975577595 0.646488827750002
-0.3371196999374526 0.543766733387652 0.6444158400493423
-0.33783863551385007 0.543745504584539 0.6449773068087874
-0.34072015874105427 0.5413895373891866 0.6484110412313686
-0.3379982673596553 0.542839884541349 0.6465838040438429
-0.3383786998301116 0.5453671781491829 0.6495499343527176
-0.3394128471437708 0.5454146044212035 0.6508764893270277
-0.33639386819538913 0.5448807098836677 0.6478108842735224
-0.3330766134383048 0.5456868925684017 0.6478114699563997
-0.330952879112835 0.5470613627026707 0.6489572043046957
-0.32830531394215146 0.5477045877867097 0.6489706815158304
-0.3267915482420634 0.5488617010183272 0.6488261300549838
-0.32436869553224423 0.5475042806911347 0.6513662647628397
-0.3203089128345613 0.5476324904189032 0.6496218314057638
-0.31936519106154704 0.5476960618344889 0.6542822512396962
-0.31557700712114345 0.5492731260411289 0.6501084318362309
-0.31425587076835204 0.548750987010116 0.6534635819547447
-0.3128756924154097 0.5489655987824369 0.6532875828763919
-0.3113082185024425 0.5476735636878715 0.6538897394588472
-0.3105624907686928 0.5465345116841086 0.657128560246928
-0.30864203579521027 0.54826848977274 0.658983474536535
-0.30959914071977823 0.5482137695438197 0.6612029145931756
-0.3054101012224895 0.5520168961145836 0.6592618017044661
-0.31048845542736975 0.5511832816760456 0.6647717140024888
-0.3081286577293507 0.5531012391689873 0.6645715255124417
-0.31324456221852237 0.556139857933357 0.6833162022910761
-0.3126581763528408 0.5576322648479736 0.6863278469901491
-0.3162163578919941 0.5584910022469464 0.695113011513937
-0.32011311945766274 0.5554472700246106 0.7083622895618071
-0.3246940238365871 0.5566360272092133 0.7195742634349703
-0.3255351049227233 0.5593152320305669 0.7175256775200998
-0.32865075214474965 0.552681277800268 0.7308198309899033
-0.33598627165745504 0.5511108841597692 0.7475261798122796
-0.33864745148648 0.551383431901952 0.7543288884362825
-0.3447914930130243 0.5522494977291261 0.7693522683947049
-0.3451775846019994 0.5524623082854562 0.7718442852157317
-0.34967687329248026 0.5549968003225766 0.7811759877764207
-0.35330082054910544 0.5563567895464039 0.7875801129532719
-0.3570459299358877 0.5573853724522093 0.7935065260632086
-0.3631842153484483 0.556400279308533 0.8061921641203303
-0.3669473517665316 0.5578119440584043 0.8115996963321208
-0.3695152357609508 0.5606335997075319 0.8162249132811371
-0.3727999834708811 0.5637474509615612 0.8209946043220079
-0.3758530285216349 0.5655139531989564 0.825779485933974
-0.3787160420157857 0.5668526794117245 0.8305454942907601
-0.37975139941167585 0.5659281111024852 0.8368762347555421
-0.3805971130769363 0.5653010820966602 0.8423636757147527
-0.38103022472981896 0.5648993609825989 0.8448277082055082
-0.3819267071128595 0.56422776885144 0.851874751409655
-0.38153905147382705 0.5624020542197481 0.8554430781987274
-0.38249394826188543 0.5641923086419505 0.8596041526733478
-0.38160481449198935 0.5639477421278835 0.8606544380517687
-0.38105591116297227 0.5634555952838046 0.8662056289957795
-0.3824443771007103 0.5682787891329788 0.8635314251710945
-0.3812589960187489 0.5670813649381609 0.8669478269952883
-0.3811390348478495 0.5667503196286622 0.8650346821683259
-0.3792700407433045 0.5680923105196405 0.8651510331497149
-0.37780075481336595 0.5671411497735791 0.8673537053350729
-0.376198285987449 0.5691958424223686 0.865048338843161
-0.3751958668741854 0.5701979516073072 0.8657260841130949
-0.37039510679912335 0.5648050390993056 0.867781671887879
-0.3690560181359297 0.5676665489324055 0.8633657244107177
-0.36904561720452506 0.5634753906779316 0.8651756496225412
-0.36743186803999456 0.5634121267262799 0.8720481983671522
-0.36634416365621897 0.5648161068843603 0.8703462375455613
-0.364480301447336 0.5631053086445215 0.87549663950194
-0.3627698207271256 0.5616847565604492 0.876579268773151
-0.36372684648153286 0.5632192261465064 0.8802432483299569
-0.3627516539251943 0.5626281816293341 0.8877825677186802
-0.36180302225561 0.565133676556269 0.8914302163951229
-0.36228336813048145 0.5641039698097796 0.8976724331975231
-0.36492585478620143 0.5634965975639401 0.908477683305585
-0.3641628377084199 0.5637642592859594 0.9107425559589601
-0.36665770578132784 0.5646274966334257 0.9205027685694205
-0.3689447588594766 0.5655214456843304 0.9274500775562824
-0.370880799843394 0.5657612105293532 0.9404286857696205
-0.37132272758287965 0.5618179880128338 0.9508605288885652
-0.37247031944978654 0.5627077218813478 0.9599004073134811
-0.37358634247079614 0.559910790566203 0.9721479153794014
-0.37414365106903374 0.5552409159198641 0.9845278506084018
-0.37700950114573295 0.5547990120713918 1.0034267589133956
-0.3811897161709226 0.5591086765907933 1.013660504123321
-0.38075780563888423 0.5545672990538526 1.0230898078316486
-0.386332498213851 0.5554675709520439 1.0355328754612454
-0.3894019213872463 0.5575270266148309 1.0438059421533539
-0.3928069157174904 0.5595507845862165 1.0539456076445601
-0.3948124288737356 0.5607984681763004 1.06001897725233
-0.3951208864009713 0.5640487948928201 1.0671773807338358
-0.39719478968651695 0.5660505487888986 1.0731506818209757
-0.39827897602154905 0.5670153900202419 1.0808644765676898
-0.3974206558613494 0.566738028363106 1.08606889761324
-0.3979064355643834 0.5679618226275547 1.0899579456275186
-0.39713999616553675 0.5692497727581656 1.094834704826531
-0.3976370811504573 0.5708991340124081 1.097105941317132
-0.3970104577620654 0.5688931734471923 1.1000814401055987
-0.3956678976207668 0.5677146207598069 1.101405740336129
-0.394992622693013 0.566650924378837 1.1061349763483481
-0.3947033946506554 0.5670911731807536 1.1050575747134315
-0.39201032070777575 0.5649100349799709 1.106062115251306
-0.39242944522628664 0.5649771494977966 1.108883034916956
-0.38982065689010253 0.5648037630291765 1.1091113181094807
-0.3884115867467614 0.5649049385529701 1.1108743040288407
-0.3880815801441013 0.5642119040284855 1.1077767667764027
-0.3873651441050764 0.5635709126768629 1.1070463997229
-0.38547133769897757 0.5615027648028624 1.1081758356120108
-0.38447805960506676 0.5639358667876074 1.1073909554085941
-0.38315374111064526 0.5609845050172204 1.1085913738581474
-0.38240645099698883 0.561385186603792 1.110197376866607
-0.38162880663148435 0.5624986196202595 1.1114748481431247
-0.38284243861558187 0.5623566432363472 1.1154878897672604
-0.3837937004569 0.5638209476096266 1.1186216358746905
-0.3825461538570655 0.5651383539121058 1.120259816209594
-0.3839642007328724 0.5628468669516301 1.127946383251016
-0.38346088963944375 0.5634222208048452 1.13689648113757
-0.3843017826954639 0.5644184801656029 1.1401947475677514
-0.3859967329359048 0.5668288905476564 1.1457759526203142
-0.3882334444416844 0.5673008045982288 1.1529244911189953
-0.3895731285693859 0.5670599341962844 1.1606012704565327
-0.390481876334675 0.5643845324355496 1.1701814099042938
-0.39115815498519 0.5648656655257378 1.177790976295796
-0.39371505859922307 0.5657577943737381 1.186641319681769
-0.39625458912064526 0.5657781474843098 1.1955185990452954
-0.39781185263053614 0.5672325731484241 1.2000815506553726
-0.4009106608361964 0.5668556400977861 1.2123988734710234
-0.4066553142683616 0.5690044370496258 1.2219352667226526
-0.4057204058271529 0.5648700753249251 1.233526407421319
-0.40673572376127376 0.5584126879636939 1.2530579237318613
-0.41051941979126894 0.5596038947669799 1.2622180630408606
-0.413302901908244 0.5624535837679882 1.271474555086469
-0.415699384907804 0.5645880367549481 1.2794205561788368
-0.4207370786960082 0.571456353513095 1.286614108662119
-0.4212746990056935 0.5726723956373573 1.2913147729696066
-0.4235302413782037 0.5738759966240381 1.2976796152103827
-0.4235564771444873 0.5730764252866237 1.303205559133421
-0.42473596233598515 0.5743512711186369 1.3082202361188988
-0.42657077822011613 0.5774376551049099 1.3101365480815061
-0.426916123709787 0.5812162959075808 1.3135494431960106
-0.42535285563558967 0.5797088918272891 1.3184607911735684
-0.4227124123219056 0.5752023502335564 1.3205019202720543
-0.42402556906472344 0.5791032666874958 1.3230625576208688
-0.4219010377231836 0.5814442584053506 1.322511245339809
-0.41950307237202666 0.579294769896263 1.3265858128168113
-0.41803956314897445 0.5815516641220043 1.3233026460474986
-0.41168013942247617 0.5761092792747562 1.3260123439690759
-0.40899470560796797 0.5757818995408338 1.326179201772558
-0.40638116981453387 0.5750186807868932 1.3270273239059556
-0.40344131633860475 0.576253397196021 1.327330911852863
-0.40140325949034034 0.5755656400432598 1.327903447483518
-0.3987835740827411 0.575460914892297 1.3283825250896237
-0.3970847829505317 0.5759686270798053 1.3284507074382481
-0.39517359437901656 0.5761981519677678 1.330053163860582
-0.3933917861590017 0.5782639772478728 1.3328514847169686
-0.39155446981969283 0.5781934523058426 1.3370083833029258
-0.3908150811081237 0.5797750075988839 1.3395354515853006
-0.38977987699306293 0.5793370750087056 1.3440610419318109
-0.3895907157801459 0.5803350235203368 1.3501992431719974
-0.38827516523919997 0.580918692959602 1.3535652253286927
-0.3888642040170473 0.5822102290536345 1.3607545940421997
-0.3882204986358812 0.5833930727583825 1.3655696924113974
-0.3889611488378046 0.5837587115333768 1.3697777669063766
-0.3890675870761291 0.5836407273330464 1.376543800942895
-0.3904863144307411 0.5837119162437293 1.384026767248471
-0.3904156015256277 0.5796731286246379 1.390571046082032
-0.393590276357538 0.5810185096318864 1.3995085632185438
-0.3955877295862694 0.5805067749026506 1.4087798999279828
-0.39815399187295347 0.5811472465629562 1.4161584441397597
-0.4014438576209235 0.5829391306778818 1.4294445303406307
-0.40471919028382297 0.5856901712980989 1.4450555960168692
-0.40068029268360245 0.5779254312153081 1.45388097291073
-0.40482634217424496 0.5798970853609349 1.4642260204720683
-0.40685024421970833 0.5791109373295709 1.4750883272580864
-0.40745609026152946 0.5767767988284208 1.4842676706063336
-0.4105818352220635 0.5770202237229403 1.4927247520282871
-0.41119160493638024 0.5790313062059601 1.5031665138046124
-0.41342875181008837 0.5766814763703523 1.5135637506648063
-0.41516460448548775 0.5771410776515834 1.5229151377175634
-0.41520104265577795 0.5755583611256314 1.5314813294486083
-0.4146284273578102 0.5714392933187542 1.5396279185876436
-0.41692176373308465 0.5735619607829876 1.5458761090670867
-0.4189613948163253 0.5756092334767015 1.5502993295292105
-0.4199748722942049 0.5776167015202902 1.5553196238219549
-0.4209905019888494 0.578265205051903 1.559432803424925
-0.42136151403040734 0.580880621619177 1.5646307510317152
-0.42044964130456614 0.581219345317187 1.5697446642292494
-0.4204143421097721 0.5815013140638028 1.5747164159747489
-0.42135370969180624 0.5831357449698156 1.5752904587074952
-0.4193098249377839 0.5801849551228495 1.5770071449133887
-0.41986252512029953 0.5800691675556525 1.5794197425533882
-0.4199371579836366 0.5832823502808182 1.5810786972726407
-0.4184130079282504 0.5824841948185241 1.5820183303413933
-0.4167199289002943 0.5816157675344302 1.581624366910984
-0.41515919626300507 0.58228237588978 1.581159180967075
-0.41462473543169337 0.5852326130438873 1.582721840303967
-0.4119087353655202 0.5829197783124811 1.583177931358361
-0.4105519367651812 0.580047355553552 1.5804333004865576
-0.4097418468241873 0.5803550183734035 1.5772917097924757
-0.40698175558102484 0.5785775295531188 1.5812528446965297
-0.40571574841214725 0.5792655901377882 1.5819236102340553
-0.4060565279621125 0.5820046203493006 1.5799491347341799
-0.40588339156909764 0.5854017792083452 1.5807672922433214
-0.40517040032697627 0.5850147304080647 1.5828573137902988
-0.4026436485309642 0.5862535584906984 1.5857922629904124
-0.4014022031586864 0.586460212453841 1.588818598666372
-0.40065894150190023 0.5876696216951373 1.5935623374588745
-0.3994006978909522 0.5875541642701014 1.5947310836383437
-0.3987146695393927 0.585399724509708 1.6025399286075834
-0.40008255450751645 0.586468434143335 1.6089277815858405
-0.40088764244602004 0.5864648665614398 1.6159984654661361
-0.40230053742586225 0.5847010579934228 1.6234037680326914
-0.4041799212293714 0.5848899401258716 1.6335814557070094
-0.40578645769367594 0.5839617762443381 1.6429135333443503
-0.4057952746864133 0.5823649240421194 1.6531609458234493
-0.40668929432249135 0.5836072363480962 1.6665662868000213
-0.40671520968457087 0.5839518143576272 1.6698615225904214
-0.4076865363200954 0.5859039943156266 1.6870689091796844
-0.4089403794328359 0.585642315592332 1.6959681306900565
-0.41048174223924383 0.5848345487078458 1.706473332122528
-0.41173226651447326 0.5851276068938349 1.7141518624595908
-0.4148597290855913 0.5882880743997052 1.72130173924899
-0.4151836620292735 0.588330904948615 1.7276253478326353
-0.4135420143819517 0.5866807983389677 1.7363211358176833
-0.41597374476615673 0.5900689763713086 1.7414467659001276
-0.4139377679952219 0.5912033171350386 1.7453753635553007
-0.4129012438131068 0.5901592361014623 1.7539424587022587
-0.4126827851725709 0.5883878760454722 1.7586651269854545
-0.4132112027503189 0.5918511758392065 1.7601867338917916
-0.4143288165786081 0.5946876205210193 1.7631127764906342
-0.41456696070480914 0.5965494981954652 1.7635653494461074
-0.4145410621756387 0.598938827310129 1.7644206529914124
-0.41421746044914753 0.5987114864944346 1.7644630170942388
-0.4138028257774733 0.5962603727358492 1.7615979645038091
-0.4123861024482992 0.5952214607473808 1.7610870606370668
-0.41098388749332937 0.5962578453722666 1.7621884775660461
-0.41115737438303673 0.5969815322028027 1.7646788458654659
-0.4076586800154447 0.5935697607857059 1.7616815805277286
-0.4057625393184733 0.5934547579929875 1.7631947209439847
-0.406154238657306 0.5933108525101201 1.7659274091655042
-0.4049589787635467 0.5937389481129991 1.7682283193511232
-0.4043858631296151 0.5917591216486469 1.7679727614820497
-0.40392673545966135 0.5909862488328094 1.76976797305173
-0.4037677437657477 0.5913993933200845 1.7721372444778847
-0.40451978616389295 0.5934132277178855 1.775192650965575
-0.4047966129709607 0.5944475413387219 1.7800348802099097
-0.4042092131578593 0.5930831763888377 1.7840174613693613
-0.4047233341753388 0.595653167032021 1.7890570139198163
-0.4012311587462163 0.5900194076971061 1.7940679790273544
-0.40184005817986 0.5919488288820378 1.8018522775604973
-0.4032635181945693 0.5942466761371491 1.8114816848057038
-0.4033757649575802 0.593030354782041 1.8192068819778744
-0.406189755331716 0.5934678020069778 1.8263705873069689
-0.4066614109880922 0.594083077793195 1.83768912427631
-0.4086052015115809 0.5914277606653748 1.849139718246144
-0.408181907665025 0.5929466685778395 1.8615087921676692
-0.4076430005530855 0.5941840978451993 1.872548758052981
-0.40842893439527317 0.5951909978904583 1.8794728286601339
-0.41140812360711543 0.5990845982128958 1.8935782092616633
-0.41371189298788563 0.5987905450540292 1.90374669005669
-0.41730603162378965 0.5998323190025278 1.912867728386056
-0.41982827594537653 0.601775724192408 1.9263964313631308
-0.41746369411938883 0.5943744896606468 1.9330652361401048
-0.4183557762838606 0.5941411713901127 1.9426703756196784
-0.4148882823450261 0.58591884450743 1.9540220537633826
-0.41706405971040306 0.583080869270003 1.9652315317086837
-0.4192488518666316 0.5852693827332257 1.969295934773914
-0.42041323681058795 0.5841937540687836 1.9788910847246683
-0.4201858767905986 0.5803690892323017 1.9842846242760104
-0.42064016741200394 0.5826199926017076 1.9933439078150264
-0.4208847146444357 0.583029449789704 1.9988571358553626
-0.42205855133267417 0.5854990245448486 2.0057433318544797
-0.4217544109238973 0.5867642136264533 2.0076596418801365
-0.42131374588856596 0.5886254268006108 2.014156179395171
-0.42076033121604717 0.5900036605622239 2.0182501818672884
-0.4209132862399716 0.5912115308186284 2.0206313165169902
-0.4207156329992957 0.5911318829546559 2.0230147375325203
-0.4201942788520416 0.5898930603904409 2.024514526596699
-0.4194293215077372 0.5888691018230643 2.0237408230411216
-0.41862790431833874 0.5887470908159018 2.026009156165123
-0.41835777770529053 0.5892665061135008 2.027834462515079
-0.4185320126742932 0.5898760755285369 2.0286494874335603
-0.4179864425424767 0.5908631819861402 2.029171646541979
-0.41768237727298907 0.5898484291455098 2.0300771326986444
-0.4183398088653786 0.5921774957267082 2.0304770136278014
-0.4172068673091521 0.5916284570222123 2.0342751807153205
-0.4169240906384919 0.5934161105040513 2.0358513843155164
-0.4175738870649829 0.5948869045682104 2.041671163888332
-0.41747780293554826 0.5971721146814524 2.04338211113567
-0.41565538384173223 0.5975135442526367 2.050913970024884
-0.4144834226941437 0.5969339411995009 2.0560569549467758
-0.41238814160113324 0.5958673135141409 2.063960437479116
-0.41274684598265377 0.5941182844449644 2.0673161917585277
-0.4109844456279332 0.5895635062151322 2.0798312274856308
-0.4114033232862305 0.5902747507043089 2.0911618157066156
-0.41065122954124367 0.583897261034622 2.099054325710031
-0.411884256176054 0.5845255891554858 2.1074576035315626
-0.41159653508193134 0.5836563039270959 2.1243020092717755
-0.40933305227540095 0.5766308642292381 2.136590411144586
-0.41403362228449814 0.5760642492252077 2.148651073409641
-0.4113172966323068 0.56810206538592 2.161637337068771
-0.41045528079155724 0.5678946533705641 2.1750002411658818
-0.41234952843252515 0.564646870378802 2.1858717723081265
-0.41474053543773326 0.56454962382968 2.1978498080639604
-0.4175823798186151 0.5700884801728804 2.2094120537919455
-0.4180053816489231 0.5672663399631589 2.2210273402769483
-0.42056911790680085 0.568023540303765 2.2319322006329507
-0.4188107553786169 0.5598386800858935 2.243250789018325
-0.419334817611704 0.5608097469381896 2.248349927621141
-0.42093115706408263 0.5625398836682411 2.2566745019818732
-0.4212613696472558 0.562402914595906 2.2645756158231096
-0.42252518588069865 0.564369299270144 2.2718626467849
-0.4222979039039253 0.5647007354581532 2.275661410240194
-0.42191778438918537 0.5636129610475972 2.281360428111639
-0.42470179028676375 0.567317824950895 2.285859100998092
-0.4232273945938636 0.5679259442030548 2.2896137280397824
-0.42274479726329717 0.5673168924474358 2.291506388263403
-0.42466003354515186 0.5679697473397866 2.2940827804553052
-0.42533086169727036 0.5673238896189202 2.2953852877153187
-0.42611623342025917 0.5703744124836151 2.2981106131350377
-0.4249937786424991 0.5682812538134489 2.300048678821965
-0.42533030331135113 0.5692443818144174 2.301497932557538
-0.42408234632748343 0.5668497863897525 2.3034351185751962
-0.42434880679129716 0.56701236556173 2.3025967688643174
-0.42662839053265245 0.5706311807067591 2.30428519068571
-0.4266633345011678 0.5712128120560984 2.3047458028053605
-0.4270741605715579 0.5692197057016251 2.3064881336055354
-0.42832257469409973 0.5691145814358166 2.307603359569061
-0.4287776129179235 0.5695065359210562 2.3112256128649182
-0.42970148251888995 0.5684231147747913 2.3130967392357267
-0.4292809434724064 0.5707849684262248 2.31585132075091
-0.4290135267792265 0.5711582099607726 2.319932672432439
-0.4303477386110611 0.5711234661684796 2.3242627265553857
-0.4307728790587306 0.5722444096424736 2.326777707681946
-0.42763488843926545 0.5708384205262591 2.333022540807873
-0.4300417460142707 0.5747423001874974 2.340023318116255
-0.42587806201971456 0.5716686280796643 2.347516590525082
-0.42515607615839174 0.5744925184976077 2.3589126436878436
-0.42387771585966144 0.5698717316554522 2.3675135181290345
-0.4236181244398385 0.568947606728675 2.3787205103212345
-0.4257968958389988 0.5700096695145823 2.3911362438256876
-0.4270617078791855 0.5682924576365735 2.4028516990097892
-0.4272188894597034 0.5664581727194812 2.4161533248149185
-0.42536785977696956 0.5653022266929228 2.4293434235235383
-0.42636531916581333 0.5645135839511161 2.4419009978270068
-0.42105819401580474 0.5606657448344218 2.457084921418226
-0.4194606872287767 0.5579943715667565 2.4694613814420836
-0.4188387664044433 0.5592194011529149 2.4842350933401844
-0.4195217867264135 0.5558648704829876 2.4950605178859933
-0.41406609391233773 0.5549944775826212 2.5143039582037625
-0.41314850641253137 0.5567715017678203 2.5232355872280063
-0.4116251778688793 0.5593215372882516 2.5342808629931093
-0.41032568479270315 0.5622757729507405 2.5422289645822187
-0.40862560542951865 0.5625725868136634 2.5488782891762023
-0.40726790422956644 0.5618446337878361 2.5548323395414254
-0.4087108928584763 0.5669592872707586 2.5638460216963024
-0.40731335520548273 0.5697016797443946 2.568769739909574
-0.4076252022938777 0.5718666332244603 2.572066061545115
-0.40539859617979157 0.5693082882980706 2.5728841984400947
-0.40639150877322594 0.5716115274787942 2.5752546470140656
-0.4065020237793903 0.5771083480410509 2.5778861999818856
-0.40524376531057804 0.5754027612900839 2.5762384726058913
-0.40278408727040843 0.5726754328142961 2.5730373170097556
-0.4033679019976911 0.5767455152333432 2.573462836321334
-0.40154852079512804 0.5778339438901634 2.5736762296018707
-0.4001162333070715 0.5762302590441021 2.5724774936555397
-0.3987517707214762 0.5731236210457387 2.5698628940730552
-0.3972855830363378 0.5707233845786255 2.5671500874749014
-0.39648325925047 0.5709791288520307 2.566755218760538
-0.39605852481177806 0.5687576662359367 2.565567456223312
-0.39530178278840716 0.5706676652698662 2.5669027124371233
-0.3958081296485135 0.5730746257147747 2.5665189750420745
-0.39402757139716527 0.5712426082721217 2.56522627887715
-0.3928518816328525 0.5734972719550786 2.56723994600169
-0.3907503905253748 0.5723455997999012 2.568301733357753
-0.3871306385314408 0.570667653256873 2.568846214026785
-0.3868057651916648 0.5718968333507345 2.569423041504522
-0.3862235930804328 0.5730248339327254 2.5723767647255475
-0.3824877443450117 0.5712827254673186 2.5773383949845514
-0.381085026870359 0.5759867118321372 2.581001339884807
-0.37768767251229857 0.5755563005270011 2.587648464794503
-0.37467106327199556 0.5729213335635861 2.5910813663347656
-0.3749200417055286 0.5780702392379474 2.600185098337053
-0.3754342433220596 0.5858542626637017 2.6136626444349114
-0.3712597207083255 0.581834330620188 2.6191795916454246
-0.36633762302008416 0.5773683955641605 2.6244246871254506
-0.36562988993018514 0.5887552049748753 2.6380532371773535
-0.35641145092958565 0.5849975072243561 2.645399988825756
-0.3552153368233247 0.5844114045677318 2.6510426692901787
-0.35387600982299194 0.5938120668443301 2.668659826195931
-0.3452510269507629 0.5823593587945338 2.673778859474834
-0.3417890872843938 0.5790964819090809 2.6803991197338166
-0.32441119702515864 0.5631389122406716 2.689147562800272
-0.32490771112187894 0.5631615805930836 2.690407495220713
-0.3165587093984994 0.5697658930499198 2.7065815956369406
-0.3141112963204155 0.5705086289575575 2.7135300201101495
-0.3135131662240179 0.5709396577436859 2.716648934171387
-0.3095769901406351 0.5761264688028719 2.7275760544347314
-0.3085764362210144 0.5762064112488483 2.732660078733943
-0.3061315201184118 0.5779780115924198 2.7381247802585675
-0.3050709029013164 0.5764238397821668 2.7417742388980226
-0.3045568454808028 0.5734744404750922 2.74650804341274
-0.30610319035198796 0.5740743306577893 2.750116363455178
-0.3069363647183577 0.575300683954308 2.751274040111713
-0.3082094883316924 0.5757453033358465 2.753827097656885
-0.3097984613817771 0.5770126569097267 2.7564945143775614
-0.3106201484676424 0.5809271576149726 2.7593205558373004
-0.3132925913511247 0.5796490363220655 2.7565826873293866
-0.31414531840691706 0.5792267551871393 2.7553797975922114
-0.31548014174271166 0.5773617797317087 2.756579311331376
-0.3161056344399117 0.5783098031442999 2.7565528221896827
-0.31840100154497275 0.5820609560047784 2.7582799067132404
-0.31705442885207624 0.577422512018979 2.7595465392174594
-0.31914584322181505 0.5797269553534391 2.7582761924440367
-0.3204517717342651 0.583132826369464 2.758869003179559
-0.31928211619855074 0.5804204914608776 2.757477937863981
-0.3187223229834343 0.5805128070849028 2.7590068445898694
-0.3179363989564944 0.5840629256716641 2.761369207193847
-0.31718094695343135 0.5841608869663446 2.7632095008470836
-0.3153977093611291 0.586130109307546 2.764092374125973
-0.31306480540078685 0.5878423520443764 2.7682665292040736
-0.3113236601893409 0.5877874251703225 2.769404317119634
-0.30836972465012463 0.5878241499924572 2.7729746824036487
-0.3063585568752912 0.5881815729344303 2.7758668767140118
-0.30120181154442166 0.5889935523191553 2.77944816691307
-0.2965756216548215 0.5913578249282945 2.786114799377171
-0.29612077646104396 0.5901890810269314 2.7885581620650424
-0.2897649379442033 0.5870295360274239 2.7950387154740115
-0.285714729767075 0.5877395607952914 2.79931991761386
-0.28049310427783203 0.5882885726712331 2.8104726320749793
-0.27434989607418225 0.5944000865867823 2.820692504326807
-0.2695656028804531 0.594090399592766 2.825524492628768
-0.2643792354542233 0.5958788735774657 2.8339477717785835
-0.2592731336569216 0.5928022453072523 2.8381695607795607
-0.2548185173766389 0.5991508600455003 2.8507049349167555
-0.2514451653361801 0.5975765879598887 2.85504211483336
-0.2441074330254009 0.5982935843998175 2.8595123498742305
-0.23952252166131416 0.6035892126269295 2.8707754350437193
-0.23511324799431055 0.6036390723985161 2.8749287062851656
-0.23511139729315705 0.6096973602376825 2.8827672110242886
-0.22854317828341755 0.6108710036358973 2.8872643645841496
-0.22563818730039023 0.6106737017985108 2.8878605399024386
-0.22386025092171963 0.6183807633121234 2.8959833555808907
-0.22506187848767573 0.6120415174737552 2.8891426590354237
-0.2233838650347119 0.6093405165929098 2.8832534731162434
-0.22333773786363273 0.6036775319542369 2.878942545892548
-0.2254217120619502 0.6047630474751873 2.873372033004135
-0.22314464026424313 0.6056675302569838 2.87520063784816
-0.22608091396244692 0.6049529680542267 2.871577042329885
-0.22366063168523465 0.6032089189658207 2.869467282996002
-0.2244609293836821 0.5977121399257963 2.862041517661041
-0.22069015985971807 0.5978919797979487 2.860936197476764
-0.2213278585559915 0.604213938034977 2.8617694497365096
-0.21940256299380334 0.5943823959883816 2.853251365862246
-0.2203886519681984 0.5938618781988523 2.8537618952201185
-0.22043406433060708 0.6029651640563083 2.8555880696047216
-0.21674696071023777 0.5970098747372061 2.851123695778327
-0.21371558124304593 0.5952707175576093 2.850476232891872
-0.2110572611721275 0.5952709392877094 2.8481817216633774
-0.2139797173845109 0.5987291479846026 2.849513045574771
-0.20983019145761844 0.595606365218036 2.8473709506919915
-0.20673278472975629 0.5959733366882837 2.847537183914227
-0.20201766292609186 0.5985000997523569 2.8531085424214324
-0.2006482219318689 0.597349286242533 2.851693634182696
-0.19314308316959036 0.5981259821770497 2.8562065187073005
-0.18753922996207628 0.5982027015167111 2.860913135938324
-0.1848434756500707 0.6013032387715146 2.866231617802244
-0.17883269283240766 0.606401291899925 2.870022688088744
-0.17095427092341817 0.6026613750752239 2.8769037637559327
-0.1671035791534001 0.6056600023525668 2.87824437308139
-0.1562009862600453 0.6088918217582197 2.8880338246205697
-0.1478455174755594 0.6086998920701803 2.895215712515803
-0.12497480222003629 0.6017579863002412 2.8999177439089814
-0.11877174055316261 0.6054276615624824 2.9052394347242783
-0.10359008956010751 0.6112636760440388 2.917184033734319
-0.09293246111384262 0.6133267249725731 2.9242214952967145
-0.08254041754760627 0.6178535473814479 2.9322331909183603
-0.0731952558674206 0.6218219718737613 2.9392262521679906
-0.06042486510281514 0.6262395033923169 2.9462141075907957
-0.05242244109521682 0.6326993159892544 2.9557477572474706
-0.047732056446481985 0.6324946008206739 2.956800937452191
-0.04214377737343261 0.6340491649134112 2.96221188726514
-0.038808587209941736 0.6371997231542096 2.9655102747306916
-0.033412271549162986 0.6380240003972072 2.970916176895535
-0.030669213865161804 0.6390465293251139 2.9726052350743437
-0.029942453589141826 0.6382050858383471 2.975459768214865
-0.02778726810072557 0.6358174917001784 2.9754003793286015
-0.024015265723062118 0.6360622465470634 2.976715577193696
-0.020880050239753645 0.6343841226748027 2.9760795614136586
-0.022781636020133444 0.6347533021211336 2.974972348439587
-0.021718153258987405 0.6316770316514767 2.973007326168498
-0.021052553734766055 0.6310637847296543 2.9723011155738366
-0.02204560412322787 0.6275688135978882 2.9681632075755036
-0.018259204660248163 0.625275763785225 2.967990442128487
-0.018339401447968195 0.6239230529817821 2.9647272786493497
-0.018470590590110414 0.6236459753267621 2.9627734508682373
-0.018520476962354593 0.6225738941476302 2.959766122466583
-0.017796013139294187 0.6217399427342046 2.957214979353763
-0.017475153204850602 0.6212153107115178 2.9547123764754093
-0.0051909346930814615 0.609722194243804 2.9518921462308043
0.0008071445695084778 0.6118158284730071 2.9538138704407473
0.0033987242217220492 0.614047605485549 2.953383228550986
0.009924454137632266 0.6130551249645763 2.954889781245854
0.014146916144623045 0.6135750659602734 2.9541421354096657
0.027818696026131684 0.6113382911426468 2.9573375363984127
0.03691973412755595 0.6109946199360297 2.959275633348988
0.05006938935509975 0.6076896246453214 2.959746758949329
0.06506887890587248 0.6141401884893761 2.9666580461266707
0.07255851838001987 0.6147983950570284 2.9680776470263246
0.08598670005051756 0.609720017238699 2.969646106589093
0.10507940231331142 0.6074741301516284 2.969134222843902
0.12496566630897127 0.6029045144615074 2.971672768069108
0.13977252496980413 0.5965543959221826 2.97017449713623
0.15741637169373524 0.5917734550961696 2.971837349669398
0.16510582364468374 0.6044033747129064 2.9787979062018963
0.17825919657768075 0.5974438787737831 2.9773473028351116
0.19739367046398804 0.5974281276837001 2.9839380577984707
0.22137151576526037 0.5887223590878592 2.986015962642611
0.2313385582330072 0.5910625506443512 2.9883156467205105
0.24275621801703762 0.5958100401205583 2.992603054100373
0.2513072089980295 0.5981985869300273 2.9954952428029347
0.26012088815452117 0.6005718356243653 2.9972622402621734
0.2665927785022787 0.6020147332398254 2.999612858008269
0.27189481588681297 0.6040093599685654 3.001404013132864
0.2773240791717785 0.6068636079267182 3.005126431227273
0.28150764855817545 0.6071765213432753 3.0042484718055866
0.28528072432487905 0.608903206131771 3.004712794625974
0.28862661427976266 0.6080141734643754 3.0045569025922028
0.2904171370954466 0.6094366902895253 3.0036788487528665
0.2925758902656038 0.6091049940630576 3.0021145392457744
0.29170399837583516 0.61173112849225 3.003514206605885
0.28910192260414014 0.6109681979129229 3.0019903779989034
0.2889632817073102 0.6100555603066176 3.001973524331357
0.28756257066230995 0.6102871222432007 3.0013572212603687
0.28775403624035645 0.6078408016068074 3.0012417030549563
0.28747823452141874 0.6064113800264782 2.9979784511101797
0.2881681629182229 0.6067760852552003 2.9979988786576754
0.2880779312861682 0.6078874477173302 2.9979105822548324
0.286577148887035 0.6064931997858263 2.996010729592172
0.2877970579834127 0.6114073052381213 2.9986262722218737
0.29074815127381926 0.609790497710377 2.996185560023238
0.29072472400919036 0.6147317528831397 2.99774796853214
0.29284803229325773 0.6138900069228255 2.9958777751925134
0.29830750561964003 0.6113994816281839 2.99327308695974
0.3016435791456118 0.6153977417617189 2.9954362925847406
0.30478185124742907 0.6130960875381 2.9933074797178536
0.31417451263412166 0.6155587181260109 2.9953742886909764
0.3237934979563415 0.6191035293905052 2.994821398900118
0.33652001858184877 0.6199863768834968 2.996936975858347
0.3495691066747262 0.6125745248658943 2.9923013028094414
0.3631353081905623 0.6167353275721813 2.9959188174287212
0.37771181398539233 0.6143207707983148 2.9963231174775653
0.38855682018704396 0.6128593630711352 2.9985633884235936
0.4030544823446064 0.6063593297116739 2.997831753978675
0.4256306161574507 0.6064287826910745 3.0030596460492998
0.44129488321411803 0.601843515962093 3.002792552939492
0.45513579872726884 0.6066541796534446 3.0055752126017037
0.4724401802208833 0.6013958722760754 3.00682317898784
0.48649635460894525 0.6007606254670635 3.0058052153631074
0.49750876392055376 0.6077588447028743 3.009881709208487
0.5090803389577269 0.6062054908384535 3.0118071613283055
0.5208980834518419 0.6021725842969042 3.0110620531916243
0.5366438953964778 0.5977247753003575 3.0113437044271483
0.5456768203755988 0.5980667112047536 3.011820834372753
0.5504340457513126 0.6004566488876444 3.0144105418514626
0.5559747418684114 0.6014420647271869 3.0144628521589576
0.5612529991158459 0.6040805421445257 3.016602238389761
0.5718697438042091 0.60246365783159 3.018248954842817
0.5714168840859063 0.6022852439835479 3.0170436983378686
0.5781826502665709 0.6110624492489403 3.0209929163426157
0.5790655656488952 0.6052298492890575 3.0184763187904093
0.5791748034793679 0.6131493272412496 3.0234622542361262
0.5773721025643948 0.6042302017599569 3.0207720114917143
0.5770136534273366 0.5940778177619873 3.014379537056875
0.5704689583080337 0.5972681763447909 3.016378626154925
0.5686566288280134 0.6020345326375597 3.0173625471871786
0.5712384916486519 0.5984439167943236 3.0132353002220396
0.5706125023026566 0.6066216391790036 3.016515829500568
0.5666350773524245 0.6057882225510873 3.0120122624864725
0.5718532828243537 0.6068511676482803 3.013604564777655
0.5721758916561627 0.6029009342048062 3.0106617791940367
0.5717711828097031 0.6068174237067634 3.008489071526823
0.5740104949794207 0.6090037226272171 3.0043419459644536
0.5742779639080995 0.6047932363777759 3.0017571277785664
0.5794932038618008 0.6061863142033209 2.9977869461776647
0.5807482027341259 0.6095642278993312 2.9981293609519515
0.586834511596762 0.6112812078702904 2.9979217631363775
0.5945359956743493 0.6161476225962829 2.99886683689757
0.5976480600257474 0.5996155783030983 2.986436621584367
0.61772881784717 0.5838282128553026 2.9754527661829178
0.622187932415534 0.5853214399852237 2.9752431285222247
0.6285594989020822 0.5874690335185532 2.974050454476215
0.6387757738685856 0.5890690117940947 2.9747393109944302
0.6487518912116131 0.5917034594811581 2.974867098335563
0.656371312925366 0.5933641323229706 2.974316189449125
0.6678576600713667 0.5983880912125086 2.976278385238593
0.676054110041458 0.6028821874844269 2.975374604813585
0.6884065841181329 0.6087134625906768 2.9787208529780447
0.6984489230093697 0.6136274328876532 2.980870269439338
0.7103587291222092 0.6133447222066583 2.9784846255090685
0.7208774155565835 0.6142343769678008 2.97683378493673
0.7263782516385687 0.6216965031118009 2.982319262470332
0.7353259688099202 0.6283645105377202 2.9857060910438267
0.7428610806460617 0.6311864034147372 2.9834770712853365
0.7434966157227357 0.6300470490502955 2.981570718972658
0.7527846281924716 0.6322061183878092 2.9839859204929144
0.7590930776729127 0.6293176279006443 2.977401685598031
0.7681399721274892 0.598845139206864 2.9572435783737916
0.7693114016455608 0.5972005224065874 2.9523774174296107
0.7724193579900126 0.6021001641881066 2.9521305428552047
0.7743013762083689 0.6100553038562259 2.957088642284906
0.7770657389324606 0.6116692975964492 2.954928553137785
0.7735081064021984 0.6112228917607192 2.9538165794536284
0.7745278513699244 0.6144412988182354 2.9539686891927652
0.7742698793044963 0.6078552759557266 2.9495943914418956
0.769588624312222 0.59868642949813 2.9439790718746077
0.77193479729371 0.6045092216874709 2.9470001379877444
0.769656609336807 0.6072948696032991 2.9486551214991206
0.7668923706565253 0.6051727900928373 2.9470453663152925
0.7688018298961271 0.6054447576877711 2.947935239738167
0.768379850583287 0.5990175039898371 2.9456939711073127
0.7670879331351733 0.5932523920723856 2.9411605206172764
0.7700929782038876 0.5944340157355464 2.938568001366284
0.7697850850393771 0.5997410877803292 2.939142058196804
0.7684260973789098 0.6002012891645897 2.9375771951797005
0.76873153584878 0.5974989261054322 2.9347616305169124
0.7712379343788799 0.5992272833638091 2.9337107139484386
0.7730482349191811 0.6081897010149593 2.9381527543602166
0.7743010982087356 0.6108967211202693 2.9381584959645735
0.7756728538106267 0.6082189589990239 2.935563626818813
0.7807189791660089 0.5986968747385348 2.9312269868987726
0.7811604955058401 0.6060575904392502 2.9331404327013892
0.7826905871990125 0.6054752387632893 2.932948987130248
0.7826990572512532 0.5899430211729134 2.922520538258336
0.7904425234335767 0.6004752506112477 2.925456228562734
0.7937346897611818 0.6014897848135567 2.9237005995793077
0.7979627060282167 0.5994708317648053 2.9210020422376743
0.8013769321050538 0.6051094624770765 2.922192521804977
0.8045777432004796 0.6035301730253116 2.9205020697719433
0.8079076634789298 0.5849332748131791 2.9063804385360927
0.813297909032482 0.5992587267206888 2.9100086103033274
0.8204481048991931 0.5920928655432525 2.903461231662049
0.8276775214134316 0.6050202864532768 2.905438583485828
0.8333066792655689 0.6081169234320293 2.9025324895663602
0.8412236278903537 0.5925133998380172 2.8910667992538475
0.8526305080312723 0.595928732979647 2.8862794684272934
0.8754568803538699 0.5717043977218722 2.863919783656657
0.886145297690259 0.5747422679465906 2.8594614896627983
0.89919941274405 0.579570097279742 2.8555798570766404
0.9145726030992717 0.5825970008125735 2.849926921842684
0.9241740850505832 0.5841262119534271 2.8451726186327346
0.9359610762125207 0.5836076925266435 2.8409736932385146
0.9491857581515822 0.5804062550824277 2.832255804149012
0.9601815032234816 0.5710312830027455 2.8218929239776593
0.9702056300365732 0.5710963411238098 2.8163142866601274
0.9818959314543058 0.5684248257432738 2.807923686274907
0.986347071630658 0.5699552525540071 2.8033717972947727
0.9945600332604215 0.5729336957681892 2.8004828659126275
0.9969054367001088 0.5657193296081868 2.792110061919589
1.0041046694121136 0.5740232792506741 2.7913744572901846
1.010116230758177 0.5732913013409751 2.7860814072992324
1.0128114307130351 0.5711463638840696 2.780939464357344
1.0180341046467305 0.5746361369426801 2.7776261403609133
1.0214887487663429 0.5790419816506693 2.7747439708277253
1.020215398276327 0.5740128997359532 2.7681266007879097
1.0233795064171272 0.5783851710769368 2.7636434221759623
1.0267753311373662 0.577622621220921 2.7564587302775325
1.0293762458201243 0.5786129529955493 2.7515833104970073
1.0246317806161196 0.577929693180764 2.749546235686032
1.0186473963842304 0.5802374794963356 2.746844459506568
1.0128940385705039 0.5811639945141558 2.7478464614151554
1.0146435316200972 0.5727615305234461 2.74276155277793
1.0080458321082006 0.5772139058035124 2.742559645260118
1.0034963379069803 0.5774816467666228 2.7425621781958838
1.0028835300423435 0.574647593111929 2.740090663309038
1.0037435134287964 0.5781226068544081 2.7382963405358582
0.998953939976451 0.5735556070961131 2.735638767960712
0.998695631444713 0.5713793708277717 2.7323599917299903
1.0005320379068188 0.578649961674464 2.7310965513059426
1.0013862634937576 0.5804369426012883 2.7286945856081153
1.0015494428394422 0.5856890924055996 2.728433587069227
1.0038008559885614 0.5857276367856754 2.726580064261866
1.0078068015500237 0.5835604564655988 2.7210008395058116
1.0079654101776376 0.5860265214600225 2.719698531472615
1.011809566752909 0.5774617777990599 2.7118845732809453
1.0140361218075684 0.5765270252285011 2.709892380970207
1.016819932636698 0.577189736238259 2.705359338671426
1.0266907290483678 0.5782867750004013 2.7020334807586592
1.0289923584452292 0.5734950662701382 2.7012539943509872
1.0399253736252776 0.5790281640524959 2.6994142624330832
1.0478173350375184 0.5766150218514589 2.6955199952921354
1.0539910090153581 0.5720188979190738 2.689110689317212
1.0596032269700073 0.574037745910977 2.6904317884348306
1.0719564835075497 0.5731898311289632 2.685043506856626
1.0798090263561018 0.568940725630577 2.6784982718726917
1.0940868637013552 0.5734213935642932 2.6784597817252975
1.1029721974533189 0.5664819032146048 2.6730274844635606
1.1078228048977454 0.5650467970973098 2.6681838683749333
1.1200366334487204 0.572185492899336 2.667242341749873
1.1274078232342553 0.5726796830807884 2.6631666047940725
1.1305403804102832 0.5711786156318185 2.6579746746306463
1.1402855317640523 0.5737204589665373 2.6522610552051886
1.1348744561219126 0.5697618778066278 2.6520903216199754
1.1551833436947891 0.5662085165091898 2.640957660892632
1.1626977331215382 0.5674169175500027 2.6376400611159805
1.1665364730961492 0.5710302755533738 2.6346224617350438
1.1695929765881 0.5716505431870885 2.6320919117302646
1.1712045384983538 0.5726913945789542 2.6285927834289704
1.1752234281425316 0.5724974460621433 2.624864208060636
1.1765718792895887 0.5716017992422875 2.620701038075039
1.1772293929716118 0.5724718219439814 2.6193678438767263
1.1774293171747652 0.5723307265241826 2.6178564838509377
1.1767037006243082 0.5712915227929577 2.6160109961112994
1.175017654365234 0.5696152529647818 2.6137133545116766
1.1749054517699515 0.5686727355350234 2.6108003519108465
1.1746210106331159 0.5695693875978047 2.608805822965916
1.174312567798789 0.5695901091622342 2.6062059296927784
1.171683691257559 0.5662227203800302 2.604543438885208
1.171760036696988 0.5682841397710348 2.6029955894799475
1.1696664500712073 0.5676848625177034 2.600829036849988
1.170427844926424 0.5662399493686239 2.5979651188327795
1.1694460837862035 0.5677860939694734 2.594787918324915
1.1685658643669674 0.5666670082694345 2.590893865147288
1.1708246166526703 0.5686635417718137 2.5882977869994797
1.1710392180378983 0.5696763461985352 2.5853964061374306
1.1745192233197561 0.5691325843400385 2.580323728917902
1.1764317978629513 0.5666100048028365 2.5751770218515846
1.1838313004290621 0.567772243787764 2.571542589642293
1.1874931413930403 0.566115851588145 2.566068089271849
1.1930266088779575 0.5669559120905348 2.562092118712978
1.1990770010359189 0.5664852806700379 2.558178733625751
1.2094271660839446 0.5668620845091155 2.5534626331640733
1.217745990656094 0.565303239679708 2.5475732958961745
1.2230867348630903 0.5648987792964988 2.542630926530068
1.2317377467771107 0.5679863613672088 2.5375484121347816
1.242810273960163 0.5680582366912412 2.5315110886250514
1.2521778893199103 0.5656487637722623 2.521764947021544
1.2640890938339813 0.5697518514863099 2.5161396895417685
1.2742468063404564 0.5685619507652054 2.5077822249824537
1.2805159049026162 0.5622851481614363 2.500587783909306
1.2885432318012868 0.5657421953217232 2.4955344423031245
1.303206630380147 0.5645337141515957 2.4854905513939665
1.3109322518803035 0.568591629932876 2.4812250577288815
1.3191594297892237 0.5718821404043046 2.475350987726186
1.323666569095404 0.5731758543947001 2.471533636466386
1.3295318920159716 0.5753242130919741 2.467016724039248
1.334241942130698 0.5766553044897166 2.461381553211088
1.3389070117490967 0.577892979266586 2.456249866583375
1.3401453532885803 0.5799915449319452 2.4551544832555896
1.34524845707882 0.5813041508609526 2.449914965100119
1.3478358610885897 0.5828844457434564 2.4456264581545897
1.3488479872610153 0.5838077204397387 2.4418472285560826
1.349711810022776 0.5861154888520256 2.440142358317657
1.3486572335926499 0.5860967544310391 2.439027202572655
1.3506669897067924 0.5869292671796961 2.4338452154628527
1.3482692258949824 0.589421380635149 2.4346811721488377
1.3437787236192915 0.5853211824523279 2.4339363499634725
1.3414183053452349 0.5848018653059784 2.433199117374649
1.3382479742848816 0.5841095001923782 2.4310741407165164
1.336029728094902 0.5831612709040265 2.4302872579798818
1.3319954120894746 0.5827184869476826 2.428248867559083
1.3301276584005541 0.5812618748395977 2.4270128104179296
1.328410448535604 0.5810928393128479 2.425582414370883
1.3261414821043345 0.5798403551479072 2.4243675812068606
1.3207331386932872 0.5752569604068094 2.4249917950731503
1.3186975862460413 0.5771754919784767 2.424819195629118
1.3185890853054367 0.5746902491878405 2.422929878047124
1.318016790848222 0.5760204828452179 2.4206572688902166
1.3191981596370654 0.5788695880535745 2.4189968081473725
1.3176051854883348 0.578708877834585 2.418001667668192
1.3166112185808538 0.577986306650111 2.416743145367062
1.3172858143552277 0.5780708556174148 2.41486895574519
1.319056114128525 0.5761414668805819 2.4083414971789123
1.321072447631491 0.5765624442664291 2.404451436855039
1.3234895937882225 0.5785435923172486 2.4004380245480545
1.3258439873853232 0.5743413298077107 2.3957779322546577
1.3289334592379993 0.5722113793670083 2.3888895537959463
1.331914625604028 0.5750032446551523 2.3872080899760406
1.3374233138867089 0.5760703552073799 2.3827659857327292
1.342483259488727 0.5716025876577568 2.373887558306145
1.3482013358866136 0.5698597980332519 2.366413508119842
1.3557227418783073 0.5728163955882264 2.3563558504418087
1.364974278002649 0.5708881238464798 2.343201735410811
1.3733903331389663 0.5703450171296564 2.333881667494702
1.3809029894509344 0.5668549056180925 2.3227599240567467
1.3905234152575336 0.5685175098961569 2.3130821638602947
1.395407407718137 0.5667483640677118 2.3030029608140623
1.404153053343327 0.5706547929178826 2.294980828164401
1.4114909031338625 0.5635646158077713 2.2801932303798065
1.419995782131115 0.5709347011679331 2.275942751603332
1.4266171265352718 0.5626188573627344 2.2611624467614764
1.4297691737220442 0.5588342085768654 2.251244110379355
1.436066821830181 0.5634516758880355 2.2430773687645402
1.4400279466501344 0.563140466219215 2.235543508355436
1.4441523978968656 0.5648764766703049 2.227745621555576
1.4463906263577146 0.5667366356749148 2.223176636907022
1.4489186588454825 0.5700271230650757 2.217761354794744
1.449155155565705 0.5700535440291798 2.212560214375207
1.4504719664211168 0.5730780796734121 2.2091060967568614
1.4489034605177453 0.5740756733139356 2.2047653980449797
1.4490648314141108 0.5750575604887799 2.2026847384601944
1.447795311867576 0.5735071985232638 2.197627334078714
1.4469209970177084 0.5729928090780904 2.194839321916537
1.4437986872820767 0.5709919175098168 2.192837113204803
1.4421825306222416 0.5731067831231552 2.190236537858028
1.4388461004517317 0.5717598217381133 2.1879676662762755
1.4369228009356596 0.5677961017060197 2.185872994364454
1.4352805545494562 0.5665939932308385 2.184612240715971
1.4330453821407745 0.5628055119787531 2.1841620357291065
1.4304302798664197 0.5600453495600854 2.182617611206063
1.4293997609795293 0.5604865355764588 2.1826390531838364
1.4266006252391654 0.5601650652323479 2.1806788594399706
1.4271580547698295 0.5646373483324862 2.181174235095315
1.4258576336391768 0.564545850514264 2.1784329186374802
1.4235978916460486 0.5635101854342549 2.1765136792981963
1.4205050652441193 0.5647722591791404 2.1757549100064377
1.4175365151832358 0.5632551713476867 2.1737740675509154
1.417448068723285 0.5631467745537159 2.1709956652533986
1.4153902440993522 0.5646928780490377 2.1689095348949063
1.4131708983524645 0.5633956989355259 2.1628871463692434
1.4111187950104962 0.564385088714791 2.162190551231899
1.4113858404655262 0.565320849562506 2.1560308800664423
1.4094074469037552 0.5631940487525379 2.1532301897490345
1.4088288461394036 0.5650155655171224 2.150631481769059
1.408868059620818 0.5640526470278576 2.145107545812715
1.4081891613740583 0.5641412045482415 2.142634219098818
1.409143942309918 0.564326677287852 2.135600951432755
1.4088764536219691 0.5630140214355852 2.1294494999579325
1.4094225954561952 0.5640855986910966 2.123079394089233
1.4115159162100621 0.5620330187955612 2.114734088150187
1.4130839835041504 0.5595521515480284 2.104863691500433
1.4141876766896515 0.5535231303445831 2.0956081260600787
1.4174228404855564 0.5525527649724092 2.0882049262023354
1.4216633090873931 0.5495317106284152 2.0792140716980905
1.4232584396177166 0.5494079043141811 2.069370045901962
1.4272993012938673 0.5529518199861957 2.05917018709781
1.4301849448151502 0.5420551300311164 2.0392426917289677
1.4347987474822186 0.543642255268244 2.0301666510848815
1.4388733208372138 0.5445179441061483 2.0180620467603316
1.4418465213658234 0.5425373197555751 2.0083877426324523
1.445922262550602 0.5393790059964898 1.999026887459514
1.450113144388621 0.538767345208411 1.989354317495485
1.4537601428951503 0.5368479633984137 1.9815006919650244
1.4570476989604688 0.5374754149062779 1.9729373101001269
1.4603673822397316 0.5376352699885096 1.9654937253677198
1.4616488591848156 0.5370319576498588 1.9600438457273899
1.4652004185490197 0.5375172802347743 1.9524685826022206
1.4656502274088679 0.5376151976101158 1.9463693872942205
1.4678568393618607 0.5364356607940509 1.9389760350918543
1.4696446494699384 0.5353574854649777 1.9324965589822054
1.4705509467105076 0.537210839956702 1.9319782153796838
1.470720234520889 0.5372011299652619 1.9276388913506888
1.4711504486940208 0.5334142931777134 1.9234238802269872
1.4731509424853915 0.5335298743298672 1.919653825063986
1.474737472060029 0.5340774372229203 1.9136098988891423
1.4746971081298863 0.5356031460784807 1.9130206203385849
1.4770437831021948 0.5359590138180176 1.9068780082130479
1.4787604142725943 0.5335035739570209 1.898951655592903
1.4808737899463975 0.5360026405270968 1.8951013833263146
1.4834435413812206 0.5347158510481279 1.8875177492525488
1.4864460137818276 0.5389062801522415 1.880090015694778
1.4885658660884133 0.5430882876386476 1.8732915543572768
1.491793607893901 0.5425967319415649 1.8634108585398426
1.496519464410221 0.5486094426794541 1.8542096820984526
1.4965226666810119 0.536593277687894 1.8373555807439674
1.5006271287559056 0.5413748435053438 1.8295125210222274
1.5067125949573352 0.5476040639266148 1.82093322541772
1.5107934873799045 0.5523698508027302 1.8108816440848745
1.51452418867096 0.5561770361966528 1.801506463935716
1.5202629830372616 0.5633448126158067 1.7921914511154555
1.5238287681458087 0.5663482607554279 1.7814780286028284
1.5261229973214054 0.5680089222458149 1.7741519195189035
1.5289558153629987 0.5705291579222097 1.767389305339984
1.5308197520354057 0.5730464267962773 1.7597367491951688
1.5337423474383778 0.5767619514230176 1.752646683657233
1.5337355364726286 0.5811203912197709 1.7518517716432254
1.5349477160194405 0.5830579508122387 1.7447911378354186
1.53378851447092 0.5837073902646691 1.7379315232191308
1.5349945080195067 0.5896870553890324 1.734403498563782
1.533542389430596 0.588131624310697 1.7317436459394169
1.5316119488433189 0.5933372964390284 1.7322964865129793
1.5304987568157586 0.5928783531592094 1.7288286935984578
1.5286063418039726 0.5975047590996345 1.7263492822096818
1.5270226874206543 0.5961624086045172 1.7313243281004085
1.52498846368128 0.597014789195909 1.7322123627732897
1.5227310112909298 0.5976614879626412 1.7320808525087177
1.5207895376492395 0.5973993001382597 1.7341438139626164
1.5191038964681702 0.5991179140025863 1.7318215942275847
1.5169462924339627 0.6020904916350774 1.729447383068698
1.5124436014308706 0.5995095575778496 1.730925549213872
1.5102063643003354 0.5979411603756802 1.7303398740476177
1.507603935668182 0.5988057921323352 1.7349608515527566
1.505449126959876 0.5962124316836924 1.73022202789713
1.5024380926577847 0.5956154365866144 1.738123634997473
1.5017578874749913 0.6019568214735017 1.743974485220235
1.4971192083794698 0.6002934744491881 1.7408354844766476
1.4942036492891058 0.6025427378355784 1.7378477624787536
1.4889740197937336 0.6002983495846129 1.7342820880040826
1.4859747699191233 0.6032674568894919 1.7348868147137393
1.482795052659573 0.6009238065020513 1.7354193942934761
1.4795344685381382 0.6028464325820628 1.735707873509804
1.4785845860733202 0.6049442990377999 1.7352403586934788
1.4784222890706422 0.6036954848612037 1.7314826873690514
1.4775057338886977 0.6037165882512834 1.7325129180943677
1.4776706668123265 0.6039659207235305 1.7308623718494882
1.4784958381746276 0.6047417405221196 1.723837582503255
1.4790297692395562 0.6037257513010582 1.7219773454305947
1.4825796076199325 0.6037952281250193 1.71815174746443
1.4824437554930037 0.5936131498505938 1.7105940594577862
1.4856970649711885 0.5923100536076489 1.7020713064235322
1.4883663229569963 0.5898960635565749 1.6929902109714516
1.492829672523273 0.5900256454451891 1.6832527825724337
1.4957136558183612 0.5872397434550982 1.6696330096060823
1.4989741652273105 0.5848472321089894 1.6574545172082757
1.503175227972747 0.5818424487891838 1.64578201902597
1.5093505159383627 0.5834957584838958 1.6340823014936947
1.5121221243663001 0.5821542107702876 1.6242717218288614
1.5161696730736778 0.5816010514950386 1.6160158229350305
1.5206952315933924 0.5828873333983791 1.606450075754803
1.5241007030606601 0.5806633324209716 1.6002620835188113
1.528661546909122 0.5843338443099881 1.5925717356871851
1.5318182711545063 0.5845382575334993 1.5832159959200913
1.5298659682400424 0.571491704323891 1.5786499174880104
1.53315414745683 0.5728441805185434 1.5724582512331047
1.5347673054900057 0.5744854540323036 1.5668436679449016
1.53604581321283 0.5764729501288518 1.561218587022934
1.5365671776203884 0.5768897240227804 1.5569008308515913
1.5369041382799788 0.5778656117130003 1.551700828224669
1.5358040424152906 0.5784461457865715 1.5464478553744878
1.5349127379228729 0.5784615890062065 1.5418731599940392
1.5343973537096036 0.5781379941382052 1.539949400034754
1.533595411785135 0.5787925634037655 1.537248521858462
1.530878826417251 0.5783906581285633 1.5342363359870914
1.5294824359071781 0.5777235818928353 1.530157292005366
1.527298592363588 0.5771335801527554 1.5291756040670728
1.5232194055614743 0.5729138288773163 1.5287424702127006
1.519987944206782 0.5731652157480293 1.5275162394834876
1.519167079642406 0.5726377890729726 1.5266976788310087
1.5147514142688188 0.5697778813662161 1.5266893480170012
1.5095641900839714 0.5660556828677102 1.5248078472258384
1.5085369717876373 0.5688291582126571 1.5266284275906414
1.506518408009987 0.5683695788277895 1.5265257345315122
1.5026281838743358 0.5674084951445882 1.5245572199389317
1.5020978009657733 0.5666553717974421 1.5220144681187049
1.4995873851190984 0.5653156432937062 1.5190778580907507
1.5009396521841487 0.5679130616744141 1.5164705832487624
1.4985226523922677 0.5671751738409814 1.5121581181635748
1.4960250827525807 0.5655665123166901 1.5060385955736844
1.494812656372547 0.5662362429787315 1.5015616257654956
1.4958467622728349 0.566733664918496 1.4960539007901221
1.4951290544229492 0.5671425092657043 1.4895055934257555
1.4954413497037544 0.5661350245214591 1.4824873920389243
1.4962666076545226 0.5675002130834569 1.4738223017760164
1.4963429625179776 0.567752164754807 1.4671858577745363
1.4978025538241058 0.5657695183945466 1.4578943503238715
1.5008029041259077 0.57000268273648 1.4432596785279221
1.4994799902692764 0.5619357181909216 1.4346626137982956
1.5017124679969682 0.5652383210520625 1.4228111914994463
1.5041651595710843 0.5691424012911722 1.4092362105941985
1.504110523640962 0.5684469933439174 1.396584932673182
1.5074084192826258 0.5736590365444095 1.3835382987166545
1.508316451177591 0.5739093814273497 1.3705924579048476
1.5118523596756197 0.5821459540223988 1.359907484259193
1.5162359246761734 0.5870631349743128 1.3502724480117514
1.518587815866228 0.5881335759532984 1.3400829777572834
1.5108568602680292 0.5758135606637904 1.325710097678218
1.5111782493968264 0.5763827679712448 1.3204628063979014
1.5158120952117669 0.5790650317210788 1.3066770202833617
1.5174148268172338 0.5795961617384687 1.3000493112377962
1.5179980594858948 0.5816389273193469 1.29451118783998
1.5228936880485082 0.586174089236314 1.2859096707109343
1.5218062348453785 0.5852427592762636 1.281749214147542
1.5232087425918004 0.587852987159656 1.2808910892858005
1.5217116240205315 0.5865059339154012 1.2769664541096768
1.5218522246035926 0.5873245753348968 1.2758583455290196
1.5220969522579453 0.5871608036774959 1.2765704569827032
1.5215276381019556 0.5868684343134308 1.2760733294782165
1.5195695752832674 0.5859303031120037 1.2763850190383152
1.5202037006429001 0.5884427154984371 1.2778965136916705
1.5181225976225692 0.5888459376846586 1.2793677999631643
1.5167688956282932 0.5892855241013105 1.2797945622257827
1.5173710006907077 0.5912495612618817 1.2793423649912419
1.515718821355991 0.5922097702212559 1.2817030629085542
1.5142945793632228 0.5917319117958448 1.280443474315506
1.511682948456142 0.5914565856338369 1.2811275687888415
1.5112700218387198 0.5930735143465958 1.2806492010827137
1.5081703310507888 0.5939423241726519 1.2829126443136039
1.5069603589765608 0.5956586600968172 1.2760647188575924
1.506536790077384 0.5967702376695246 1.2721483594854348
1.5046096104757236 0.5998472972082846 1.2698835547508198
1.5042688412844876 0.5983346260808539 1.266309525139962
1.505439214574582 0.6034187150012507 1.2561680026620383
1.5047385472939458 0.606987702296731 1.2522783669081914
1.5019895958914211 0.603696057942785 1.2446600701847352
1.5013917513103388 0.607953022301042 1.2348915654210928
1.5067240462225486 0.6138993688144145 1.2214144729832364
1.4909104832051638 0.5916214417385979 1.2122606054203575
1.4913505055172158 0.5932140204136918 1.1999232991698334
1.4911573895881767 0.5925776718215917 1.1860260275192183
1.492221257800539 0.5965918500143699 1.1707478281237043
1.4929609586454848 0.6003427847181577 1.152776021613163
1.4914838919114435 0.6017850158880743 1.142095708718799
1.489673038124954 0.6009757917550314 1.1268211824685217
1.48830066400286 0.6027033693365773 1.1100076696087298
1.4870211493922136 0.6055569831818624 1.0946158165906932
1.4860528448864994 0.6092665950192588 1.0800733177000832
1.485633426990924 0.6133340590095561 1.0643671764985503
1.4860023641501106 0.6213354774092954 1.0489246379405026
1.481154924543405 0.6190924603590813 1.0400309297692325
1.476998692472518 0.6201250436085486 1.0226239247549256
1.4805006650855006 0.629002737735336 1.0128492294517895
1.4665419649144495 0.589274138345343 1.0239246928454355
1.467625198719745 0.5908957860206777 1.016624120801578
1.4683325037939512 0.5929207267238039 1.008730507860839
1.4678167147410353 0.5934478119748774 1.000717351461999
1.4666605061504532 0.5965343632701642 0.9993098301974384
1.4661624320494653 0.6000470901950641 0.9939241716160231
1.4654173549306888 0.5990013372875941 0.9924293846405532
1.4659330874076426 0.5994776025596911 0.9896987655085545
1.4635922295418111 0.5975496322096665 0.9870660721854826
1.4633637813206706 0.5973932913941269 0.9889159700566614
1.4629057053771186 0.5980062148935479 0.9866706400795762
1.4611612708223678 0.5992573193653016 0.9865760087802734
1.4586392908524082 0.5992349958496064 0.9869277812860177
1.4566209559009722 0.5986635373786885 0.9889981162840261
1.4567811342194283 0.6001729024591659 0.9888232630446194
1.4543692909193613 0.5999203833333419 0.9892219712181322
1.4524704615954462 0.6027835335618295 0.987449203333741
1.450409934569557 0.6042954168259457 0.9886022070085114
1.4472723636053813 0.6025326638201153 0.9880626019960768
1.4450568203957688 0.6061730379911244 0.983675493100673
1.442769399590342 0.6057315087648313 0.9827116163089005
1.4399023536470734 0.606922557696012 0.9796015844714976
1.437393240620474 0.6079927027380981 0.9747340830601783
1.4353770445763643 0.61020671363465 0.9699767686445339
1.4304201613836338 0.6082383821149173 0.9664904023390393
1.4256771915687318 0.6049337530034579 0.95850599039755
1.4243963154892754 0.6079663749578559 0.9491424834561221
1.420751817523164 0.6068872899806587 0.9426670272370333
1.4152557360740623 0.6047425247943694 0.9326933994480592
1.411372193520822 0.6072112418277833 0.9238181173793201
1.4054704086621612 0.604141159797136 0.9137002905120813
1.3999184701767482 0.6015570679387643 0.9041106034631589
1.3976119420638033 0.6065490516859958 0.89132036773185
1.388686884016895 0.6035785978595687 0.878273615041355
1.3831433073590347 0.6048147692724517 0.8676435297001227
1.3702405371997322 0.5915830698520681 0.856700210268924
1.363308744833093 0.5988420207329206 0.8406681928683325
1.3465903654308935 0.5701474902602609 0.8457602255327545
1.3409379591222876 0.5739562546991174 0.832738649414819
1.3334579731659382 0.5754362347674075 0.8204318776460826
1.3269935499822778 0.5786522949074719 0.806804950073687
1.321620433097685 0.5814808164886924 0.7958173401294205
1.3173035943009932 0.5843430249010354 0.7853908050493299
1.3135016428542796 0.5845531715737735 0.7795100958248745
1.3096289564049135 0.5846177621687697 0.7706525397520583
1.3070973251839724 0.5894058481703132 0.7628299756346291
1.30616140997292 0.596373415598593 0.7516292006602597
1.3048801124605198 0.5980322627444853 0.7410996084588269
1.3027734458462779 0.6017527833596924 0.7344764525900795
1.3011673439273115 0.6066257606763733 0.7281306735640584
1.3025233312992177 0.6033778317235989 0.7351605654148855
1.3038518212037609 0.6049158860605199 0.7326263560835609
1.3007240572254544 0.6081559235133449 0.7270202751515615
1.302244666900504 0.6069486928678235 0.7287817005478874
1.3017765294930461 0.6110539119444963 0.7246651928192587
1.301581887496226 0.6093285723384241 0.7237405192581323
1.3028525449273674 0.6079334329851879 0.7279172548194803
1.3007135666062628 0.6096088532277646 0.7262909763534163
1.30252684908504 0.6087834437907486 0.7273576056267039
1.3029546887042787 0.6117484732533482 0.7252934040950647
1.3006398047298076 0.6104714826707048 0.722360911922055
1.3003335967861127 0.6092493175017848 0.7286563892531963
1.3016408452860686 0.6082915248698662 0.7317639010201279
1.300678002640725 0.6118914960938531 0.7295981133579709
1.2982966401323575 0.6071366512190474 0.7348914239210916
1.2990696146246474 0.6092273343171364 0.7371267335026559
1.2979074349356097 0.6093317093150641 0.7369900060825826
1.2938635439471344 0.6100779882213452 0.7316471235217725
1.2909984738153768 0.6186296067337965 0.728080486006341
1.2892878687859053 0.6138042878555661 0.732009626279669
1.2863335929965096 0.6175094882274245 0.7357343590079605
1.285536713366496 0.6155703461273859 0.736548448488982
1.2841904499645853 0.6172952604842326 0.7362572229148787
1.2814093492271867 0.6135580279599938 0.7374960910841982
1.2761121920189473 0.620735353413499 0.7307442068026906
1.2715436667300537 0.6238664722601441 0.7286792339220829
1.2663614314072116 0.6163070975568782 0.7261774152713866
1.254183451870769 0.5958490107968681 0.7309009033266235
1.2471398178442437 0.5970569758746646 0.7260899444013432
1.240633141162781 0.5995983234179031 0.7215188562873338
1.2328353421236682 0.5995006429230403 0.7156087541206761
1.2252827871061922 0.60205393741952 0.7091118572665033
1.2166631005639306 0.6039955447751111 0.7039948201428612
1.2085871995922108 0.6063985814693562 0.6978408328841542
1.1979767928767777 0.612111101003356 0.685552155233802
1.1877377873508514 0.6136666520664467 0.680624986570579
1.1805282281194476 0.6158185451056631 0.6766010919378054
1.1740748074923362 0.6150802074363986 0.6726921736523349
1.1688224936222218 0.6177805660592409 0.6701862165346114
1.1619738772180592 0.6290573949069388 0.665943241009998
1.1524175422679934 0.6276750024200202 0.6562999549885075
1.147984644723199 0.63418170032062 0.6497648931551965
1.1398036993920333 0.6356329573843484 0.6476707198242939
1.128828797503438 0.6340158290530573 0.6455586316408259
1.1292809911204085 0.6411729673840431 0.6459664184298196
1.1318776833987667 0.6353425487780353 0.6534662909448357
1.126840391510643 0.6461720595742624 0.6389378158321823
1.1239204081802474 0.60991318171228 0.6611554428943504
1.123983235075118 0.6108032449145873 0.660000726168216
1.1218217856162491 0.6126126867278862 0.6598498236102265
1.120582103895512 0.6138269624397974 0.6604942362257414
1.1216243645162804 0.6131448524739682 0.6606032945896708
1.1210601022235673 0.6128449481861136 0.6609460420951275
1.1181209646869514 0.6134250937323891 0.6613473409756238
1.1189776089387409 0.6132776920076356 0.6623968102174531
1.1192607668429724 0.612440637185168 0.6636636583921479
1.118725145169425 0.6125899145150113 0.6647614244913803
1.1188306796810008 0.6135006645441612 0.666798956673817
1.1204254065461754 0.6150018858056614 0.6692374492079022
1.1187064247312932 0.6122017741950935 0.6706713298243835
1.1205085016984802 0.6108280134079241 0.6748340054972782
1.1208779682050398 0.6094430462487593 0.6769089322536824
1.1187572266824608 0.6083941671276722 0.6792147849457539
1.1174333100979776 0.6086976128110053 0.6825008641713963
1.1158170920770645 0.6090991850673801 0.6836020745442479
1.1138840250079678 0.6093401642568702 0.6858621267887773
1.1139930246355036 0.6110574911681215 0.6889921165453372
1.1081788411123794 0.6103726773033653 0.6880509178677688
1.1053041944933963 0.6104748049634947 0.6882877864797311
1.1014226616841376 0.6109467419534869 0.6883888338729596
1.0959486107457277 0.6139678691323006 0.6865565593097639
1.0899182140297916 0.6158274692631185 0.6837467682119048
1.0827149174568 0.6163179488899642 0.6804437511211237
1.0754348094468744 0.6185119996585895 0.6766494509191276
1.0660966872257398 0.6213082436577342 0.6696678230961509
1.0514824567927779 0.6169481548701198 0.6649823120192191
1.0404162779236632 0.6248895102474269 0.6566215088595283
1.0291336192849463 0.6267442810647577 0.6508010521639139
1.0158046500050868 0.6313072412322644 0.6427447523896967
0.9975159503061662 0.6398989219846828 0.6327879422448248
0.985151579855526 0.6503784291297223 0.6265699666238175
0.9585463151431605 0.6486110890733632 0.6156867507531285
0.9337628651551672 0.6540767980923012 0.6032082991796622
0.9250008666258872 0.6514278381745645 0.5988118966635964
0.9086384909536062 0.620578152774609 0.6123946638140697
0.8951994224052563 0.6275420848499806 0.6067692099593671
0.8839427019762357 0.6305627036421745 0.601589350797321
0.871932930079322 0.6351656868532778 0.5984744546455742
0.8593045642947424 0.6410663639050934 0.5932259908648734
0.851347372755309 0.6459019794089104 0.5924334082418786
0.8411369307069333 0.6491109254668004 0.588919359699357
0.8406590772362931 0.647605208932189 0.5899731018869617
0.8304861953393984 0.6527960502835193 0.5883645803294963
0.8175146163524022 0.6500723928748173 0.5880637662272608
0.8126630729715886 0.653694621324797 0.5908833467103697
0.810436154635716 0.6582163494133373 0.5893853790231596
0.8095585655770555 0.6548711375446349 0.5924863458559196
0.8030721615969248 0.6596221430227689 0.5919008466389925
0.802818298777716 0.6608584179789844 0.5907759743337518
0.7969469527670444 0.6602912970896088 0.5928925206209384
0.8072337336900305 0.6568220573225172 0.5956653172581109
0.8020661213862609 0.6585330224590307 0.5981435749480757
0.8008433761445549 0.6572915050506744 0.6019402565072929
0.8064177844393584 0.6549290510796228 0.6045938660233795
0.8065926438985674 0.6560618958742195 0.6044203637214759
0.8066545385622091 0.6607429578751842 0.6038742139971341
0.8043666620091233 0.661406843440629 0.6074578639833603
0.7951199211834955 0.6620143318797611 0.6079542136542307
0.7955618528236276 0.6633420422388386 0.6116494736170286
0.7949092832470267 0.6615415359855058 0.6128649443030616
0.7910373894299291 0.6673718593774634 0.6145395845367285
0.7775802782527553 0.6616511297253593 0.6156047814920376
0.7731066778232515 0.6518206572586899 0.6210573247568623
0.7737662490525953 0.6520538631078716 0.6252234005206947
0.7605493191132185 0.6545102336852856 0.6212268199935487
0.7484931110393621 0.6638505877165835 0.6190675560586686
0.7411588916032427 0.6566150125222606 0.6146982282373394
0.7421411480725614 0.6553592550031715 0.6120388800830704
0.723952757882416 0.6544025185934688 0.6165639008948819
0.7063441393755597 0.6583198355040589 0.609977763850061
0.6907045655051415 0.6209730544181041 0.6243024036075444
0.6757086692712905 0.62080156122322 0.6191787429449522
0.6570173450445488 0.6256096586595463 0.612794653440722
0.6418673243638274 0.6294299943882793 0.6073179254071548
0.6235027478180996 0.6293385193045969 0.599829053379057
0.6017017810885351 0.6331809156732875 0.593970284285126
0.5775317977479183 0.6313895593448254 0.5896721163146539
0.5583566987045705 0.6238910343716743 0.5842647483934583
0.5338025530220452 0.6296810525495108 0.5741934723630695
0.5255531077284731 0.6239781736966729 0.571160370144143
0.5111153519489009 0.6117871920021898 0.576447741996954
0.49264028679125216 0.602431816025262 0.5807630537810733
0.47771056835254255 0.6025070355705978 0.578408895093267
0.4605991610662409 0.5913507451899996 0.5819532926629425
0.44667842577067574 0.5953189585609591 0.5770464760257189
0.43542438832286323 0.5989529521096346 0.5743675407653566
0.422099123055117 0.5998126825713431 0.5711127277998369
0.4128895894013733 0.6012154338914362 0.5696334857156624
0.4025576627263129 0.603073037444567 0.5686242523920698
0.39310674721769034 0.6056035616718379 0.5669943584783295
0.38551786026316115 0.6085616315927859 0.5649027310279999
0.379910522390971 0.6100178593483792 0.565412933643261
0.3724577040788978 0.6087962646583797 0.5659238736923775
0.3670695154607939 0.6100213623772752 0.5693957611033538
0.36431898643279637 0.6113310974076392 0.5685229219874965
0.35980734304924833 0.6120901063604247 0.5721463819216461
0.3567555967188466 0.6106150615400125 0.5713977666231718
0.35535208762951975 0.608120662484489 0.5721363720699654
0.354763514738891 0.6099400175868883 0.5738202188042675
0.35703508665674544 0.6117768693044736 0.5755328667332642
0.35860942152339514 0.609884046505482 0.5764989618399394
0.35627209699080775 0.609264957658083 0.5792306435348564
0.35822963108496686 0.6098092938640655 0.5795376413043891
0.3594196474828316 0.6090854491716703 0.5813351950559363
0.35621404706361226 0.6110945400111518 0.582409780278525
0.3547819852795845 0.6093388371400877 0.5841024387166861
0.35451854594447896 0.6102827433683975 0.5864604966392968
0.3499218348610834 0.6103298407357381 0.5876800003293138
0.34875656128121935 0.6144435385879055 0.5890602051206366
0.3421676331823651 0.6124589340089419 0.5918069295729416
0.3342843836084888 0.6146060841371707 0.5938528059078588
0.3306296187414125 0.6126534531104608 0.5960637847325412
0.31867578628173043 0.6099899378030605 0.5964100135782092
0.31327701417703735 0.6081613361906091 0.5988644779716346
0.3031604948798362 0.603169431267661 0.6026334363423167
0.29350168360133666 0.6008157579489286 0.6030809064909258
0.2827319355796041 0.5980407383157129 0.6031939421715038
0.26725785247841716 0.5966555537123985 0.6029207430753144
0.2537953978343155 0.5905607796481852 0.6032041525960137
0.24121018928335547 0.5846396116322375 0.6041738578214739
0.2253924382945489 0.5813716757598121 0.6055065840007989
0.20836628066279494 0.5762538824466047 0.6087041772998032
0.1880000653426287 0.5743991604628781 0.6072472163381701
0.18784930978612713 0.5605975621503331 0.6126617611865617
0.17037344825115153 0.5625536922130385 0.6126415184777533
0.1548813621428844 0.5636935343288533 0.6126631818471787
0.13737762322635727 0.5658547137591173 0.6146327950023303
0.12176152665217144 0.5678133672308133 0.6153591918784671
0.10571208592852543 0.5663069096520171 0.6168501844677036
0.09516169189111068 0.5676749962299852 0.6138460013490816
0.08358032939346666 0.5698197392728855 0.6162764837204388
0.06549479523106794 0.5733536379268708 0.6145458010141601
0.05524640914799195 0.5786420636151919 0.6165261905344558
0.0538257727737434 0.576111356724144 0.6152287860246103
0.04165026547182826 0.5801458069300636 0.6126730807031912
0.029101632747371542 0.5775258450565803 0.6187705076124889
0.025797547955520694 0.5800518086723456 0.6189921096936251
0.022841148895726526 0.5769617180269965 0.6225172326707846
0.01587773142597504 0.5761618573730721 0.6237693082147441
0.00718852124100039 0.5797712550776744 0.6221174418369143
0.005838865013068573 0.578694401180661 0.622065735401189
-0.00415797621935704 0.5808558471907699 0.6246102201316176
-0.006486936090706219 0.5756112107701553 0.6259443806390281
-0.004249778921988245 0.575334436893041 0.6247687596674494
-0.0026148934509493404 0.5777156740293176 0.6250595615055342
-0.005072804573040379 0.5840881066315846 0.6223522249750603
-0.002304595056807912 0.5859255584528907 0.6213638036027266
-0.004120960295421361 0.5818244419703347 0.6256329474383907
-0.00016606194322699164 0.5797576650853171 0.6231722716257447
-0.003435472308791432 0.5833697698915868 0.6190210425100223
-0.00604974814982967 0.5858363472153629 0.6216666401263037
-0.0036302406949991206 0.5805196798881379 0.6226849269885478
-0.004979908698912738 0.586819066752809 0.6215968587435186
-0.007837883157594705 0.592347166203632 0.6200689968955687
-0.010313646848428615 0.5861581949999465 0.6266011389525881
-0.011209375003392141 0.5878682993864349 0.6284261832270828
-0.015485061495027652 0.5895620237220198 0.6306614413359748
-0.018635919599983675 0.5932333304965642 0.6337886914508745
-0.023986671893285516 0.5922140057373455 0.6354111909139418
-0.027201521328697575 0.5581154682553291 0.652609874132304
-0.03251264740089571 0.5590970829118096 0.6538017480720862
-0.03739281985512072 0.5581263130952783 0.6572779983388306
-0.044813345366082835 0.5550892253244867 0.6593620750253505
-0.05256999031222315 0.5552049770434984 0.6627169392374861
-0.06121469655934497 0.5549645076419378 0.6673663684009669
-0.06794104585251232 0.5509790022801903 0.6688990452411633
-0.08044724056339059 0.5529761194396295 0.675023340573685
-0.08870816481497512 0.5520042672530414 0.6777377454127799
-0.10037675548700997 0.5549199485640175 0.680515163626861
-0.11023940080347033 0.5556914467827666 0.6840210810489165
-0.11887160992254067 0.5556797536489646 0.6882311737857061
-0.13631863825994883 0.5583467604901073 0.6979291067618228
-0.149168859872283 0.5587688127914243 0.7009570545711266
-0.15986914865498839 0.5601978325321416 0.7046899340336756
-0.17376550924219133 0.5597294128650283 0.7121849663918115
-0.18555789312964815 0.5581971878619781 0.7149857780552786
-0.20121642099359796 0.5625824436717988 0.720819469105351
-0.20238063099886272 0.5655541679824924 0.7224239171880976
-0.21695746308102518 0.567121148737159 0.728647782805143
-0.22370275310180396 0.5394115917820774 0.7481450749331107
-0.2324059405345775 0.5413147083229416 0.7491277408513493
-0.242014037343182 0.5431945529237836 0.7526524112989744
-0.25088027052211437 0.5458406655110211 0.754505857919448
-0.2590372428706792 0.5507028558722167 0.7557870740972759
-0.2636093020309254 0.5508768101398297 0.7585663569554981
-0.27014717780053144 0.5536122171429986 0.7604944921986128
-0.2731963589219603 0.5545933243017191 0.7632003579055848
-0.27866045469018014 0.5565968347324647 0.7655331400691663
-0.2783646488786684 0.5583467022458266 0.7637436694974669
-0.2814516406440065 0.557936778224442 0.7661682955439988
-0.2825739032089427 0.5582680215740325 0.7651411950846094
-0.28248915573561373 0.55765729925448 0.7662693667401185
-0.28640823140718513 0.5591838295605159 0.7684446345919858
-0.28500369820208665 0.5601068087556466 0.7671164054339626
-0.2842254358389756 0.5603886883813464 0.7676844607917043
-0.28283178129382164 0.5593587451734081 0.7685470751232648
-0.2808372880496858 0.5590658175643494 0.7666552723277289
-0.2783766434198495 0.5576294609074006 0.767484186901518
-0.2770632104400315 0.5568260987567021 0.764920771571335
-0.27852827736444374 0.5592133553137275 0.7661583289100247
-0.2778962026264359 0.5584011259494222 0.7653280256502772
-0.27729248695352243 0.558775683152459 0.766967703458177
-0.2762457883833826 0.5582920249530171 0.7684344605705877
-0.2776109235359327 0.5613585802624154 0.7697253718699938
-0.2794318111309203 0.5624536574723474 0.7717469625790753
-0.2806605087613756 0.5642584712615716 0.7762379449405674
-0.28205148703934246 0.565848077024747 0.777942437367374
-0.2810902837337893 0.5641427742122215 0.7838751246285296
-0.28427014071281786 0.5657969623865728 0.7866794207128508
-0.2844220577901922 0.5645162621732995 0.7906667538534915
-0.2876635221815761 0.5661528272867308 0.792459337616357
-0.29169043958071406 0.5637359462279383 0.800595056977512
-0.29553956644373053 0.5646858286295029 0.8058535330740353
-0.29804254744258446 0.564908779898451 0.812286563184416
-0.3049771969999061 0.5658312411028369 0.8163724899469714
-0.3098702708416858 0.5708122617326388 0.8249217698369462
-0.3161576643921441 0.5685407000015704 0.8331826060293137
-0.3233102341703202 0.5746612540326985 0.83800757464433
-0.3211141693784443 0.5733429922830394 0.8433117044144801
-0.3291225795893239 0.5750110929838116 0.8485702816122099
-0.33226489134891624 0.5646734167910633 0.862335699936414
-0.26135780151329974 0.7343069542410717 0.7505706048127202
-0.41204512864461806 0.8799018871765917 0.8708623742935487
-0.41389331038018673 0.8820012494063716 0.8733048688217478
-0.4176450882658185 0.8833250070782752 0.8754912276568994
-0.4232181799018945 0.8870489537921703 0.881209656276972
-0.4280917874754958 0.8844892485111517 0.8852922631931306
-0.4320796901799565 0.8863469802036916 0.8875883476610777
-0.4359828540396945 0.8880015424537988 0.8913755626877911
-0.4336306570550951 0.8913558572267282 0.8904171325929526
-0.43634433459402183 0.8893885887324494 0.8923846872675927
-0.43587945147568397 0.8901682497825083 0.8944599865218432
-0.4365771335246788 0.8902953877842132 0.8953478125938443
-0.4346676580886229 0.8916764175713237 0.8941074027772422
-0.43535381368471426 0.8906375928442218 0.8957207351193505
-0.4344341227047658 0.8928530152639773 0.8943039873153638
-0.4342163977057208 0.8922077232972837 0.8942281845117525
-0.4359324994842697 0.8903835516663334 0.8929745789649413
-0.4334101140800553 0.8891449202223765 0.8922231231349605
-0.4341358818259614 0.8905400381156677 0.8931868924716468
-0.43360625598494296 0.8908058801399673 0.8913111162022369
-0.43675509323374695 0.8877937766012958 0.8933172819365648
